"","x"
"1","Isoetes_bolanderi"
"2","Isoetes_howellii"
"3","Isoetes_nuttallii"
"4","Isoetes_occidentalis"
"5","Isoetes_orcuttii"
"6","Lycopodium_clavatum"
"7","Selaginella_asprella"
"8","Selaginella_bigelovii"
"9","Selaginella_cinerascens"
"10","Selaginella_eremophila"
"11","Selaginella_hansenii"
"12","Selaginella_wallacei"
"13","Selaginella_watsonii"
"14","Asplenium_septentrionale"
"15","Asplenium_vespertinum"
"16","Azolla_filiculoides"
"17","Azolla_microphylla"
"18","Woodwardia_fimbriata"
"19","Cystopteris_fragilis"
"20","Dryopteris_arguta"
"21","Dryopteris_expansa"
"22","Polystichum_californicum"
"23","Polystichum_kruckebergii"
"24","Polystichum_lemmonii"
"25","Polystichum_lonchitis"
"26","Polystichum_munitum"
"27","Polystichum_scopulinum"
"28","Equisetum_arvense"
"29","Equisetum_laevigatum"
"30","Pilularia_americana"
"31","Botrychium_ascendens"
"32","Botrychium_crenulatum"
"33","Botrychium_minganense"
"34","Botrychium_simplex"
"35","Ophioglossum_californicum"
"36","Ophioglossum_pusillum"
"37","Polypodium_californicum"
"38","Polypodium_calirhiza"
"39","Polypodium_glycyrrhiza"
"40","Polypodium_hesperium"
"41","Polypodium_scouleri"
"42","Adiantum_aleuticum"
"43","Adiantum_jordanii"
"44","Argyrochosma_jonesii"
"45","Aspidotis_californica"
"46","Aspidotis_densa"
"47","Astrolepis_cochisensis"
"48","Cryptogramma_acrostichoides"
"49","Cryptogramma_cascadensis"
"50","Notholaena_californica"
"51","Pellaea_andromedifolia"
"52","Pellaea_breweri"
"53","Pellaea_bridgesii"
"54","Pellaea_mucronata"
"55","Pellaea_truncata"
"56","Pentagramma_pallida"
"57","Pentagramma_triangularis"
"58","Woodsia_oregana"
"59","Woodsia_plummerae"
"60","Woodsia_scopulina"
"61","Calocedrus_decurrens"
"62","Chamaecyparis_lawsoniana"
"63","Juniperus_californica"
"64","Sequoia_sempervirens"
"65","Sequoiadendron_giganteum"
"66","Thuja_plicata"
"67","Ephedra_aspera"
"68","Ephedra_californica"
"69","Ephedra_funerea"
"70","Ephedra_nevadensis"
"71","Ephedra_trifurca"
"72","Ephedra_viridis"
"73","Abies_concolor"
"74","Abies_magnifica"
"75","Picea_breweriana"
"76","Picea_sitchensis"
"77","Pinus_attenuata"
"78","Pinus_balfouriana"
"79","Pinus_contorta"
"80","Pinus_coulteri"
"81","Pinus_flexilis"
"82","Pinus_jeffreyi"
"83","Pinus_lambertiana"
"84","Pinus_longaeva"
"85","Pinus_monophylla"
"86","Pinus_monticola"
"87","Pinus_muricata"
"88","Pinus_ponderosa"
"89","Pinus_quadrifolia"
"90","Pinus_radiata"
"91","Pinus_sabiniana"
"92","Pinus_torreyana"
"93","Pseudotsuga_macrocarpa"
"94","Tsuga_heterophylla"
"95","Tsuga_mertensiana"
"96","Taxus_brevifolia"
"97","Torreya_californica"
"98","Brasenia_schreberi"
"99","Nuphar_polysepala"
"100","Aristolochia_californica"
"101","Asarum_caudatum"
"102","Asarum_hartwegii"
"103","Umbellularia_californica"
"104","Anemopsis_californica"
"105","Ceratophyllum_demersum"
"106","Carlowrightia_arizonica"
"107","Justicia_californica"
"108","Sesuvium_verrucosum"
"109","Trianthema_portulacastrum"
"110","Amaranthus_blitoides"
"111","Amaranthus_californicus"
"112","Amaranthus_fimbriatus"
"113","Amaranthus_palmeri"
"114","Amaranthus_powellii"
"115","Amaranthus_watsonii"
"116","Nitrophila_occidentalis"
"117","Tidestromia_lanuginosa"
"118","Rhus_aromatica"
"119","Rhus_integrifolia"
"120","Rhus_ovata"
"121","Toxicodendron_diversilobum"
"122","Ammoselinum_giganteum"
"123","Angelica_arguta"
"124","Angelica_breweri"
"125","Angelica_lineariloba"
"126","Angelica_lucida"
"127","Apiastrum_angustifolium"
"128","Berula_erecta"
"129","Bowlesia_incana"
"130","Cicuta_douglasii"
"131","Cicuta_maculata"
"132","Cymopterus_deserticola"
"133","Cymopterus_multinervatus"
"134","Cymopterus_terebinthinus"
"135","Daucus_pusillus"
"136","Eryngium_articulatum"
"137","Eryngium_castrense"
"138","Ligusticum_apiifolium"
"139","Ligusticum_grayi"
"140","Lilaeopsis_occidentalis"
"141","Lomatium_californicum"
"142","Lomatium_caruifolium"
"143","Lomatium_dasycarpum"
"144","Lomatium_dissectum"
"145","Lomatium_lucidum"
"146","Lomatium_mohavense"
"147","Lomatium_nevadense"
"148","Lomatium_nudicaule"
"149","Lomatium_torreyi"
"150","Lomatium_utriculatum"
"151","Oenanthe_sarmentosa"
"152","Oreonana_clementis"
"153","Oreonana_vestita"
"154","Osmorhiza_berteroi"
"155","Osmorhiza_brachypoda"
"156","Osmorhiza_depauperata"
"157","Oxypolis_occidentalis"
"158","Perideridia_gairdneri"
"159","Perideridia_kelloggii"
"160","Perideridia_lemmonii"
"161","Perideridia_oregana"
"162","Perideridia_parishii"
"163","Perideridia_pringlei"
"164","Podistera_nevadensis"
"165","Sanicula_arguta"
"166","Sanicula_bipinnata"
"167","Sanicula_bipinnatifida"
"168","Sanicula_crassicaulis"
"169","Sanicula_graveolens"
"170","Sanicula_hoffmannii"
"171","Sanicula_laciniata"
"172","Sanicula_tuberosa"
"173","Sium_suave"
"174","Spermolepis_echinata"
"175","Tauschia_arguta"
"176","Tauschia_hartwegii"
"177","Yabea_microcarpa"
"178","Amsonia_tomentosa"
"179","Apocynum_androsaemifolium"
"180","Apocynum_cannabinum"
"181","Asclepias_albicans"
"182","Asclepias_californica"
"183","Asclepias_eriocarpa"
"184","Asclepias_erosa"
"185","Asclepias_fascicularis"
"186","Asclepias_latifolia"
"187","Asclepias_nyctaginifolia"
"188","Asclepias_speciosa"
"189","Asclepias_subulata"
"190","Cycladenia_humilis"
"191","Funastrum_crispum"
"192","Funastrum_hirtellum"
"193","Funastrum_utahense"
"194","Matelea_parvifolia"
"195","Pilostyles_thurberi"
"196","Aralia_californica"
"197","Hydrocotyle_ranunculoides"
"198","Hydrocotyle_umbellata"
"199","Hydrocotyle_verticillata"
"200","Acamptopappus_sphaerocephalus"
"201","Achillea_millefolium"
"202","Achyrachaena_mollis"
"203","Acourtia_microcephala"
"204","Adenocaulon_bicolor"
"205","Adenophyllum_porophylloides"
"206","Ageratina_occidentalis"
"207","Agoseris_grandiflora"
"208","Agoseris_heterophylla"
"209","Agoseris_hirsuta"
"210","Agoseris_parviflora"
"211","Agoseris_retrorsa"
"212","Almutaster_pauciflorus"
"213","Amblyopappus_pusillus"
"214","Ambrosia_acanthicarpa"
"215","Ambrosia_ambrosioides"
"216","Ambrosia_chamissonis"
"217","Ambrosia_chenopodiifolia"
"218","Ambrosia_confertiflora"
"219","Ambrosia_dumosa"
"220","Ambrosia_ilicifolia"
"221","Ambrosia_monogyra"
"222","Ambrosia_psilostachya"
"223","Ambrosia_pumila"
"224","Ambrosia_salsola"
"225","Amphipappus_fremontii"
"226","Anaphalis_margaritacea"
"227","Ancistrocarphus_filagineus"
"228","Anisocarpus_madioides"
"229","Anisocoma_acaulis"
"230","Antennaria_corymbosa"
"231","Antennaria_media"
"232","Antennaria_microphylla"
"233","Antennaria_pulchella"
"234","Antennaria_rosea"
"235","Antennaria_umbrinella"
"236","Arnica_chamissonis"
"237","Arnica_discoidea"
"238","Arnica_longifolia"
"239","Arnica_mollis"
"240","Arnica_nevadensis"
"241","Artemisia_arbuscula"
"242","Artemisia_douglasiana"
"243","Artemisia_dracunculus"
"244","Artemisia_ludoviciana"
"245","Artemisia_palmeri"
"246","Artemisia_rothrockii"
"247","Artemisia_suksdorfii"
"248","Artemisia_tridentata"
"249","Atrichoseris_platyphylla"
"250","Baccharis_brachyphylla"
"251","Baccharis_pilularis"
"252","Baccharis_salicina"
"253","Baccharis_sarothroides"
"254","Baccharis_sergiloides"
"255","Bahiopsis_laciniata"
"256","Bahiopsis_parishii"
"257","Baileya_multiradiata"
"258","Baileya_pauciradiata"
"259","Baileya_pleniradiata"
"260","Balsamorhiza_deltoidea"
"261","Balsamorhiza_macrolepis"
"262","Bidens_cernua"
"263","Bidens_frondosa"
"264","Bidens_laevis"
"265","Blennosperma_nanum"
"266","Brickellia_atractyloides"
"267","Brickellia_californica"
"268","Brickellia_desertorum"
"269","Brickellia_frutescens"
"270","Brickellia_grandiflora"
"271","Brickellia_longifolia"
"272","Brickellia_microphylla"
"273","Brickellia_nevinii"
"274","Calycadenia_spicata"
"275","Calycadenia_truncata"
"276","Calycoseris_parryi"
"277","Calycoseris_wrightii"
"278","Centromadia_fitchii"
"279","Centromadia_parryi"
"280","Centromadia_pungens"
"281","Chaenactis_alpigena"
"282","Chaenactis_artemisiifolia"
"283","Chaenactis_carphoclinia"
"284","Chaenactis_douglasii"
"285","Chaenactis_fremontii"
"286","Chaenactis_macrantha"
"287","Chaenactis_nevadensis"
"288","Chaenactis_parishii"
"289","Chaenactis_santolinoides"
"290","Chaenactis_stevioides"
"291","Chaetopappa_ericoides"
"292","Cirsium_andersonii"
"293","Cirsium_andrewsii"
"294","Cirsium_arizonicum"
"295","Cirsium_brevistylum"
"296","Cirsium_cymosum"
"297","Cirsium_douglasii"
"298","Cirsium_mohavense"
"299","Cirsium_neomexicanum"
"300","Cirsium_occidentale"
"301","Cirsium_quercetorum"
"302","Cirsium_undulatum"
"303","Corethrogyne_filaginifolia"
"304","Crepis_intermedia"
"305","Crepis_modocensis"
"306","Crepis_occidentalis"
"307","Crocidium_multicaule"
"308","Cuniculotinus_gramineus"
"309","Deinandra_clementina"
"310","Deinandra_conjugens"
"311","Deinandra_corymbosa"
"312","Deinandra_lobbii"
"313","Deinandra_minthornii"
"314","Deinandra_pallida"
"315","Dicoria_canescens"
"316","Dieteria_canescens"
"317","Eastwoodia_elegans"
"318","Eclipta_prostrata"
"319","Encelia_californica"
"320","Encelia_farinosa"
"321","Encelia_frutescens"
"322","Encelia_virginensis"
"323","Ericameria_arborescens"
"324","Ericameria_bloomeri"
"325","Ericameria_brachylepis"
"326","Ericameria_cuneata"
"327","Ericameria_discoidea"
"328","Ericameria_ericoides"
"329","Ericameria_linearifolia"
"330","Ericameria_nauseosa"
"331","Ericameria_palmeri"
"332","Ericameria_paniculata"
"333","Ericameria_parryi"
"334","Ericameria_pinifolia"
"335","Ericameria_teretifolia"
"336","Erigeron_algidus"
"337","Erigeron_aphanactis"
"338","Erigeron_barbellulatus"
"339","Erigeron_breweri"
"340","Erigeron_canadensis"
"341","Erigeron_compositus"
"342","Erigeron_divergens"
"343","Erigeron_flagellaris"
"344","Erigeron_foliosus"
"345","Erigeron_glaucus"
"346","Erigeron_lonchophyllus"
"347","Erigeron_pygmaeus"
"348","Eriophyllum_ambiguum"
"349","Eriophyllum_confertiflorum"
"350","Eriophyllum_jepsonii"
"351","Eriophyllum_lanatum"
"352","Eriophyllum_lanosum"
"353","Eriophyllum_multicaule"
"354","Eriophyllum_pringlei"
"355","Eriophyllum_wallacei"
"356","Eurybia_radulina"
"357","Euthamia_occidentalis"
"358","Geraea_canescens"
"359","Geraea_viscida"
"360","Glyptopleura_setulosa"
"361","Gnaphalium_palustre"
"362","Grindelia_hirsutula"
"363","Gutierrezia_californica"
"364","Gutierrezia_microcephala"
"365","Gutierrezia_sarothrae"
"366","Hazardia_cana"
"367","Hazardia_orcuttii"
"368","Hazardia_squarrosa"
"369","Hazardia_stenolepis"
"370","Hazardia_whitneyi"
"371","Hecastocleis_shockleyi"
"372","Helenium_autumnale"
"373","Helenium_bigelovii"
"374","Helenium_puberulum"
"375","Helianthella_californica"
"376","Helianthella_castanea"
"377","Helianthus_annuus"
"378","Helianthus_bolanderi"
"379","Helianthus_californicus"
"380","Helianthus_gracilentus"
"381","Helianthus_nuttallii"
"382","Helianthus_petiolaris"
"383","Hemizonella_minima"
"384","Hesperevax_caulescens"
"385","Hesperevax_sparsiflora"
"386","Heterotheca_grandiflora"
"387","Heterotheca_oregona"
"388","Heterotheca_sessiliflora"
"389","Hieracium_albiflorum"
"390","Hieracium_argutum"
"391","Hieracium_horridum"
"392","Hieracium_scouleri"
"393","Holocarpha_heermannii"
"394","Holocarpha_macradenia"
"395","Holocarpha_obconica"
"396","Holozonia_filipes"
"397","Hulsea_algida"
"398","Hulsea_brevifolia"
"399","Hulsea_californica"
"400","Hulsea_heterochroma"
"401","Hulsea_mexicana"
"402","Hulsea_vestita"
"403","Hymenopappus_filifolius"
"404","Hymenothrix_wrightii"
"405","Hymenoxys_cooperi"
"406","Hymenoxys_hoopesii"
"407","Hymenoxys_lemmonii"
"408","Hymenoxys_odorata"
"409","Isocoma_acradenia"
"410","Isocoma_menziesii"
"411","Iva_axillaris"
"412","Iva_hayesiana"
"413","Jaumea_carnosa"
"414","Jensia_rammii"
"415","Laennecia_coulteri"
"416","Lagophylla_minor"
"417","Lagophylla_ramosissima"
"418","Lasthenia_californica"
"419","Lasthenia_conjugens"
"420","Lasthenia_coronaria"
"421","Lasthenia_debilis"
"422","Lasthenia_ferrisiae"
"423","Lasthenia_fremontii"
"424","Lasthenia_glaberrima"
"425","Lasthenia_glabrata"
"426","Lasthenia_minor"
"427","Layia_carnosa"
"428","Layia_chrysanthemoides"
"429","Layia_gaillardioides"
"430","Layia_glandulosa"
"431","Layia_heterotricha"
"432","Layia_platyglossa"
"433","Layia_septentrionalis"
"434","Lepidospartum_squamatum"
"435","Lessingia_glandulifera"
"436","Lessingia_hololeuca"
"437","Lessingia_leptoclada"
"438","Lessingia_nana"
"439","Lessingia_nemaclada"
"440","Lessingia_pectinata"
"441","Lessingia_tenuis"
"442","Logfia_filaginoides"
"443","Machaeranthera_tanacetifolia"
"444","Madia_elegans"
"445","Madia_exigua"
"446","Madia_glomerata"
"447","Madia_gracilis"
"448","Madia_radiata"
"449","Madia_sativa"
"450","Malacothrix_californica"
"451","Malacothrix_coulteri"
"452","Malacothrix_floccifera"
"453","Malacothrix_foliosa"
"454","Malacothrix_glabrata"
"455","Malacothrix_indecora"
"456","Malacothrix_phaeocarpa"
"457","Malacothrix_saxatilis"
"458","Malacothrix_sonchoides"
"459","Malacothrix_squalida"
"460","Malacothrix_stebbinsii"
"461","Malperia_tenuis"
"462","Matricaria_discoidea"
"463","Matricaria_occidentalis"
"464","Micropus_californicus"
"465","Microseris_bigelovii"
"466","Microseris_campestris"
"467","Microseris_douglasii"
"468","Microseris_elegans"
"469","Microseris_nutans"
"470","Microseris_paludosa"
"471","Monolopia_congdonii"
"472","Monolopia_lanceolata"
"473","Monolopia_major"
"474","Monolopia_stricta"
"475","Monoptilon_bellioides"
"476","Munzothamnus_blairii"
"477","Nicolletia_occidentalis"
"478","Nothocalais_alpestris"
"479","Orochaenactis_thysanocarpha"
"480","Osmadenia_tenella"
"481","Packera_eurycephala"
"482","Packera_ionophylla"
"483","Packera_multilobata"
"484","Packera_pauciflora"
"485","Packera_werneriifolia"
"486","Palafoxia_arida"
"487","Pentachaeta_alsinoides"
"488","Pentachaeta_aurea"
"489","Pentachaeta_lyonii"
"490","Perityle_emoryi"
"491","Peucephyllum_schottii"
"492","Phalacroseris_bolanderi"
"493","Pleurocoronis_pluriseta"
"494","Pluchea_sericea"
"495","Porophyllum_gracile"
"496","Prenanthella_exigua"
"497","Psathyrotes_annua"
"498","Psathyrotes_ramosissima"
"499","Pseudobahia_heermannii"
"500","Pseudognaphalium_biolettii"
"501","Pseudognaphalium_californicum"
"502","Pseudognaphalium_canescens"
"503","Pseudognaphalium_macounii"
"504","Pseudognaphalium_microcephalum"
"505","Pseudognaphalium_stramineum"
"506","Pseudognaphalium_thermale"
"507","Psilocarphus_brevissimus"
"508","Psilocarphus_chilensis"
"509","Psilocarphus_oregonus"
"510","Psilocarphus_tenellus"
"511","Psilostrophe_cooperi"
"512","Pyrrocoma_apargioides"
"513","Pyrrocoma_racemosa"
"514","Rafinesquia_californica"
"515","Rafinesquia_neomexicana"
"516","Raillardella_argentea"
"517","Rigiopappus_leptocladus"
"518","Rudbeckia_californica"
"519","Rudbeckia_occidentalis"
"520","Sanvitalia_abertii"
"521","Senecio_aphanactis"
"522","Senecio_aronicoides"
"523","Senecio_astephanus"
"524","Senecio_californicus"
"525","Senecio_clarkianus"
"526","Senecio_flaccidus"
"527","Senecio_fremontii"
"528","Senecio_hydrophilus"
"529","Senecio_lyonii"
"530","Senecio_mohavensis"
"531","Senecio_scorzonella"
"532","Senecio_spartioides"
"533","Senecio_triangularis"
"534","Solidago_elongata"
"535","Solidago_spathulata"
"536","Solidago_velutina"
"537","Stephanomeria_cichoriacea"
"538","Stephanomeria_diegensis"
"539","Stephanomeria_exigua"
"540","Stephanomeria_lactucina"
"541","Stephanomeria_parryi"
"542","Stephanomeria_pauciflora"
"543","Stephanomeria_tenuifolia"
"544","Stephanomeria_virgata"
"545","Stylocline_citroleum"
"546","Stylocline_gnaphaloides"
"547","Stylocline_intertexta"
"548","Stylocline_masonii"
"549","Stylocline_micropoides"
"550","Symphyotrichum_chilense"
"551","Symphyotrichum_defoliatum"
"552","Symphyotrichum_foliaceum"
"553","Symphyotrichum_frondosum"
"554","Symphyotrichum_spathulatum"
"555","Symphyotrichum_subulatum"
"556","Syntrichopappus_fremontii"
"557","Syntrichopappus_lemmonii"
"558","Tanacetum_bipinnatum"
"559","Tetradymia_axillaris"
"560","Tetradymia_canescens"
"561","Tetradymia_comosa"
"562","Tetradymia_glabrata"
"563","Tetradymia_stenolepis"
"564","Uropappus_lindleyi"
"565","Venegasia_carpesioides"
"566","Verbesina_dissita"
"567","Wyethia_angustifolia"
"568","Wyethia_glabra"
"569","Wyethia_helenioides"
"570","Xanthisma_gracile"
"571","Batis_maritima"
"572","Berberis_aquifolium"
"573","Berberis_haematocarpa"
"574","Berberis_nevinii"
"575","Berberis_pinnata"
"576","Alnus_rhombifolia"
"577","Alnus_rubra"
"578","Alnus_viridis"
"579","Betula_occidentalis"
"580","Amsinckia_eastwoodiae"
"581","Amsinckia_lycopsoides"
"582","Amsinckia_menziesii"
"583","Amsinckia_spectabilis"
"584","Amsinckia_tessellata"
"585","Amsinckia_vernicosa"
"586","Cryptantha_affinis"
"587","Cryptantha_ambigua"
"588","Cryptantha_barbigera"
"589","Cryptantha_clevelandii"
"590","Cryptantha_dumetorum"
"591","Cryptantha_echinella"
"592","Cryptantha_flaccida"
"593","Cryptantha_glomeriflora"
"594","Cryptantha_intermedia"
"595","Cryptantha_leiocarpa"
"596","Cryptantha_maritima"
"597","Cryptantha_micromeres"
"598","Cryptantha_microstachys"
"599","Cryptantha_muricata"
"600","Cryptantha_nemaclada"
"601","Cryptantha_nevadensis"
"602","Cryptantha_pterocarya"
"603","Cryptantha_simulans"
"604","Cryptantha_torreyana"
"605","Cryptantha_traskiae"
"606","Cryptantha_utahensis"
"607","Hackelia_floribunda"
"608","Hackelia_micrantha"
"609","Hackelia_mundula"
"610","Hackelia_nervosa"
"611","Hackelia_sharsmithii"
"612","Hackelia_velutina"
"613","Harpagonella_palmeri"
"614","Lappula_redowskii"
"615","Lithospermum_incisum"
"616","Myosotis_laxa"
"617","Pectocarya_heterocarpa"
"618","Pectocarya_penicillata"
"619","Pectocarya_platycarpa"
"620","Pectocarya_recurvata"
"621","Pectocarya_setosa"
"622","Plagiobothrys_acanthocarpus"
"623","Plagiobothrys_arizonicus"
"624","Plagiobothrys_bracteatus"
"625","Plagiobothrys_canescens"
"626","Plagiobothrys_collinus"
"627","Plagiobothrys_infectivus"
"628","Plagiobothrys_leptocladus"
"629","Plagiobothrys_nothofulvus"
"630","Plagiobothrys_reticulatus"
"631","Plagiobothrys_stipitatus"
"632","Plagiobothrys_tenellus"
"633","Plagiobothrys_torreyi"
"634","Plagiobothrys_trachycarpus"
"635","Arabis_blepharophylla"
"636","Arabis_eschscholtziana"
"637","Athysanus_pusillus"
"638","Barbarea_orthoceras"
"639","Boechera_arcuata"
"640","Boechera_bodiensis"
"641","Boechera_breweri"
"642","Boechera_californica"
"643","Boechera_davidsonii"
"644","Boechera_glaucovalvula"
"645","Boechera_hoffmannii"
"646","Boechera_lemmonii"
"647","Boechera_lyallii"
"648","Boechera_perennans"
"649","Boechera_platysperma"
"650","Boechera_puberula"
"651","Boechera_pulchra"
"652","Boechera_rectissima"
"653","Boechera_retrofracta"
"654","Boechera_shockleyi"
"655","Boechera_sparsiflora"
"656","Boechera_stricta"
"657","Boechera_xylopoda"
"658","Cardamine_angulata"
"659","Cardamine_breweri"
"660","Cardamine_californica"
"661","Cardamine_occidentalis"
"662","Cardamine_oligosperma"
"663","Cardamine_pensylvanica"
"664","Caulanthus_amplexicaulis"
"665","Caulanthus_cooperi"
"666","Caulanthus_coulteri"
"667","Caulanthus_hallii"
"668","Caulanthus_heterophyllus"
"669","Caulanthus_inflatus"
"670","Caulanthus_major"
"671","Descurainia_californica"
"672","Descurainia_incana"
"673","Descurainia_pinnata"
"674","Dithyrea_maritima"
"675","Draba_breweri"
"676","Draba_cuneifolia"
"677","Draba_densifolia"
"678","Draba_lemmonii"
"679","Erysimum_ammophilum"
"680","Erysimum_capitatum"
"681","Erysimum_franciscanum"
"682","Erysimum_insulare"
"683","Erysimum_menziesii"
"684","Lepidium_acutidens"
"685","Lepidium_densiflorum"
"686","Lepidium_dictyotum"
"687","Lepidium_jaredii"
"688","Lepidium_latipes"
"689","Lepidium_montanum"
"690","Lepidium_nitidum"
"691","Lepidium_oblongum"
"692","Lepidium_oxycarpum"
"693","Lepidium_ramosissimum"
"694","Lepidium_virginicum"
"695","Lyrocarpa_coulteri"
"696","Nasturtium_officinale"
"697","Noccaea_fendleri"
"698","Physaria_kingii"
"699","Rorippa_curvipes"
"700","Rorippa_curvisiliqua"
"701","Rorippa_palustris"
"702","Rorippa_sinuata"
"703","Sibara_deserti"
"704","Sibara_filifolia"
"705","Stanleya_elata"
"706","Streptanthella_longirostris"
"707","Streptanthus_campestris"
"708","Streptanthus_cordatus"
"709","Streptanthus_diversifolius"
"710","Streptanthus_farnsworthianus"
"711","Streptanthus_glandulosus"
"712","Streptanthus_insignis"
"713","Streptanthus_tortuosus"
"714","Thelypodium_integrifolium"
"715","Thysanocarpus_conchuliferus"
"716","Thysanocarpus_curvipes"
"717","Thysanocarpus_laciniatus"
"718","Tropidocarpum_gracile"
"719","Turritis_glabra"
"720","Bursera_microphylla"
"721","Bergerocactus_emoryi"
"722","Cylindropuntia_bigelovii"
"723","Cylindropuntia_echinocarpa"
"724","Cylindropuntia_prolifera"
"725","Cylindropuntia_ramosissima"
"726","Cylindropuntia_wolfii"
"727","Echinocereus_engelmannii"
"728","Ferocactus_cylindraceus"
"729","Mammillaria_dioica"
"730","Opuntia_basilaris"
"731","Opuntia_chlorotica"
"732","Opuntia_fragilis"
"733","Opuntia_littoralis"
"734","Opuntia_oricola"
"735","Opuntia_phaeacantha"
"736","Opuntia_polyacantha"
"737","Campanula_angustiflora"
"738","Campanula_californica"
"739","Campanula_exigua"
"740","Campanula_griffinii"
"741","Campanula_rotundifolia"
"742","Downingia_bella"
"743","Downingia_bicornuta"
"744","Downingia_concolor"
"745","Downingia_elegans"
"746","Downingia_laeta"
"747","Downingia_ornatissima"
"748","Downingia_pusilla"
"749","Githopsis_diffusa"
"750","Heterocodon_rariflorum"
"751","Nemacladus_capillaris"
"752","Nemacladus_glanduliferus"
"753","Nemacladus_gracilis"
"754","Nemacladus_interior"
"755","Nemacladus_longiflorus"
"756","Nemacladus_orientalis"
"757","Nemacladus_pinnatifidus"
"758","Nemacladus_secundiflorus"
"759","Nemacladus_sigmoideus"
"760","Porterella_carnosula"
"761","Triodanis_perfoliata"
"762","Lonicera_conjugialis"
"763","Lonicera_hispidula"
"764","Lonicera_involucrata"
"765","Symphoricarpos_longiflorus"
"766","Symphoricarpos_mollis"
"767","Symphoricarpos_rotundifolius"
"768","Arenaria_paludicola"
"769","Cardionema_ramosissimum"
"770","Cerastium_beeringianum"
"771","Eremogone_congesta"
"772","Eremogone_ferrisiae"
"773","Loeflingia_squarrosa"
"774","Moehringia_macrophylla"
"775","Polycarpon_tetraphyllum"
"776","Sabulina_stricta"
"777","Sagina_saginoides"
"778","Silene_antirrhina"
"779","Silene_bernardina"
"780","Silene_bridgesii"
"781","Silene_laciniata"
"782","Silene_menziesii"
"783","Silene_nuda"
"784","Silene_parishii"
"785","Silene_sargentii"
"786","Silene_verecunda"
"787","Spergularia_marina"
"788","Stellaria_calycantha"
"789","Stellaria_crispa"
"790","Stellaria_nitens"
"791","Stellaria_umbellata"
"792","Euonymus_occidentalis"
"793","Paxistima_myrsinites"
"794","Allenrolfea_occidentalis"
"795","Aphanisma_blitoides"
"796","Arthrocnemum_subterminale"
"797","Atriplex_argentea"
"798","Atriplex_canescens"
"799","Atriplex_confertifolia"
"800","Atriplex_cordulata"
"801","Atriplex_coulteri"
"802","Atriplex_elegans"
"803","Atriplex_hymenelytra"
"804","Atriplex_lentiformis"
"805","Atriplex_leucophylla"
"806","Atriplex_pacifica"
"807","Atriplex_parishii"
"808","Atriplex_parryi"
"809","Atriplex_patula"
"810","Atriplex_polycarpa"
"811","Atriplex_serenana"
"812","Atriplex_spinifera"
"813","Atriplex_truncata"
"814","Atriplex_watsonii"
"815","Chenopodium_atrovirens"
"816","Chenopodium_berlandieri"
"817","Chenopodium_californicum"
"818","Chenopodium_desiccatum"
"819","Chenopodium_fremontii"
"820","Chenopodium_hians"
"821","Chenopodium_leptophyllum"
"822","Chenopodium_rubrum"
"823","Chenopodium_simplex"
"824","Chenopodium_watsonii"
"825","Grayia_spinosa"
"826","Micromonolepis_pusilla"
"827","Monolepis_nuttalliana"
"828","Monolepis_spathulata"
"829","Neokochia_americana"
"830","Salicornia_bigelovii"
"831","Salicornia_depressa"
"832","Suaeda_calceoliformis"
"833","Suaeda_californica"
"834","Suaeda_nigra"
"835","Suaeda_taxifolia"
"836","Cleomella_brevipes"
"837","Cleomella_obtusifolia"
"838","Cleomella_parviflora"
"839","Calystegia_longipes"
"840","Calystegia_macrostegia"
"841","Calystegia_malacophylla"
"842","Calystegia_occidentalis"
"843","Calystegia_purpurata"
"844","Calystegia_sepium"
"845","Calystegia_soldanella"
"846","Calystegia_subacaulis"
"847","Convolvulus_simulans"
"848","Cressa_truxillensis"
"849","Cuscuta_californica"
"850","Cuscuta_campestris"
"851","Cuscuta_cephalanthi"
"852","Cuscuta_denticulata"
"853","Cuscuta_occidentalis"
"854","Cuscuta_salina"
"855","Cuscuta_subinclusa"
"856","Dichondra_occidentalis"
"857","Cornus_glabrata"
"858","Cornus_nuttallii"
"859","Cornus_sericea"
"860","Crassula_aquatica"
"861","Crassula_connata"
"862","Dudleya_blochmaniae"
"863","Dudleya_brevifolia"
"864","Dudleya_caespitosa"
"865","Dudleya_candelabrum"
"866","Dudleya_densiflora"
"867","Dudleya_edulis"
"868","Dudleya_farinosa"
"869","Dudleya_greenei"
"870","Dudleya_lanceolata"
"871","Dudleya_multicaulis"
"872","Dudleya_nesiotica"
"873","Dudleya_pulverulenta"
"874","Dudleya_saxosa"
"875","Dudleya_traskiae"
"876","Dudleya_variegata"
"877","Dudleya_virens"
"878","Dudleya_viscida"
"879","Sedum_obtusatum"
"880","Sedum_spathulifolium"
"881","Sedum_stenopetalum"
"882","Crossosoma_bigelovii"
"883","Crossosoma_californicum"
"884","Brandegea_bigelovii"
"885","Cucurbita_digitata"
"886","Cucurbita_foetidissima"
"887","Cucurbita_palmata"
"888","Marah_horrida"
"889","Marah_macrocarpa"
"890","Datisca_glomerata"
"891","Drosera_anglica"
"892","Drosera_rotundifolia"
"893","Tiquilia_canescens"
"894","Tiquilia_nuttallii"
"895","Tiquilia_palmeri"
"896","Tiquilia_plicata"
"897","Shepherdia_argentea"
"898","Bergia_texana"
"899","Elatine_brachysperma"
"900","Elatine_californica"
"901","Elatine_heterandra"
"902","Elatine_rubella"
"903","Allotropa_virgata"
"904","Arbutus_menziesii"
"905","Arctostaphylos_andersonii"
"906","Arctostaphylos_catalinae"
"907","Arctostaphylos_confertiflora"
"908","Arctostaphylos_glandulosa"
"909","Arctostaphylos_glauca"
"910","Arctostaphylos_hookeri"
"911","Arctostaphylos_manzanita"
"912","Arctostaphylos_nevadensis"
"913","Arctostaphylos_nummularia"
"914","Arctostaphylos_otayensis"
"915","Arctostaphylos_parryana"
"916","Arctostaphylos_patula"
"917","Arctostaphylos_pungens"
"918","Arctostaphylos_purissima"
"919","Arctostaphylos_refugioensis"
"920","Arctostaphylos_rudis"
"921","Arctostaphylos_tomentosa"
"922","Arctostaphylos_viridissima"
"923","Arctostaphylos_viscida"
"924","Cassiope_mertensiana"
"925","Chimaphila_menziesii"
"926","Chimaphila_umbellata"
"927","Empetrum_nigrum"
"928","Gaultheria_humifusa"
"929","Gaultheria_ovatifolia"
"930","Gaultheria_shallon"
"931","Hemitomes_congestum"
"932","Monotropa_hypopitys"
"933","Monotropa_uniflora"
"934","Orthilia_secunda"
"935","Phyllodoce_breweri"
"936","Pleuricospora_fimbriolata"
"937","Pterospora_andromedea"
"938","Pyrola_minor"
"939","Pyrola_picta"
"940","Rhododendron_macrophyllum"
"941","Rhododendron_occidentale"
"942","Sarcodes_sanguinea"
"943","Vaccinium_cespitosum"
"944","Vaccinium_membranaceum"
"945","Vaccinium_ovatum"
"946","Vaccinium_parvifolium"
"947","Xylococcus_bicolor"
"948","Acalypha_californica"
"949","Croton_californicus"
"950","Ditaxis_lanceolata"
"951","Ditaxis_neomexicana"
"952","Euphorbia_albomarginata"
"953","Euphorbia_arizonica"
"954","Euphorbia_crenulata"
"955","Euphorbia_eriantha"
"956","Euphorbia_fendleri"
"957","Euphorbia_glyptosperma"
"958","Euphorbia_hooveri"
"959","Euphorbia_lurida"
"960","Euphorbia_melanadenia"
"961","Euphorbia_micromera"
"962","Euphorbia_misera"
"963","Euphorbia_ocellata"
"964","Euphorbia_parishii"
"965","Euphorbia_pediculifera"
"966","Euphorbia_platysperma"
"967","Euphorbia_polycarpa"
"968","Euphorbia_revoluta"
"969","Euphorbia_schizoloba"
"970","Euphorbia_serpillifolia"
"971","Euphorbia_setiloba"
"972","Euphorbia_spathulata"
"973","Stillingia_linearifolia"
"974","Stillingia_spinulosa"
"975","Tragia_ramosa"
"976","Acmispon_brachycarpus"
"977","Acmispon_denticulatus"
"978","Acmispon_maritimus"
"979","Acmispon_parviflorus"
"980","Acmispon_wrangelianus"
"981","Amorpha_californica"
"982","Amorpha_fruticosa"
"983","Astragalus_aridus"
"984","Astragalus_austiniae"
"985","Astragalus_brauntonii"
"986","Astragalus_breweri"
"987","Astragalus_casei"
"988","Astragalus_coccineus"
"989","Astragalus_crotalariae"
"990","Astragalus_didymocarpus"
"991","Astragalus_douglasii"
"992","Astragalus_filipes"
"993","Astragalus_gambelianus"
"994","Astragalus_layneae"
"995","Astragalus_lentiginosus"
"996","Astragalus_leucolobus"
"997","Astragalus_macrodon"
"998","Astragalus_miguelensis"
"999","Astragalus_mohavensis"
"1000","Astragalus_nevinii"
"1001","Astragalus_nuttallianus"
"1002","Astragalus_nuttallii"
"1003","Astragalus_oocarpus"
"1004","Astragalus_oophorus"
"1005","Astragalus_pachypus"
"1006","Astragalus_preussii"
"1007","Astragalus_purshii"
"1008","Astragalus_pycnostachyus"
"1009","Astragalus_sabulonum"
"1010","Astragalus_subvestitus"
"1011","Astragalus_tener"
"1012","Astragalus_traskiae"
"1013","Astragalus_trichopodus"
"1014","Calliandra_eriophylla"
"1015","Cercis_occidentalis"
"1016","Dalea_mollis"
"1017","Dalea_mollissima"
"1018","Glycyrrhiza_lepidota"
"1019","Hoffmannseggia_glauca"
"1020","Hoffmannseggia_microphylla"
"1021","Hoita_macrostachya"
"1022","Hoita_orbicularis"
"1023","Hosackia_crassifolia"
"1024","Hosackia_gracilis"
"1025","Hosackia_oblongifolia"
"1026","Hosackia_pinnata"
"1027","Lathyrus_japonicus"
"1028","Lathyrus_jepsonii"
"1029","Lathyrus_lanszwertii"
"1030","Lathyrus_littoralis"
"1031","Lathyrus_palustris"
"1032","Lathyrus_splendens"
"1033","Lathyrus_sulphureus"
"1034","Lupinus_adsurgens"
"1035","Lupinus_albicaulis"
"1036","Lupinus_albifrons"
"1037","Lupinus_andersonii"
"1038","Lupinus_arboreus"
"1039","Lupinus_argenteus"
"1040","Lupinus_arizonicus"
"1041","Lupinus_benthamii"
"1042","Lupinus_bicolor"
"1043","Lupinus_brevicaulis"
"1044","Lupinus_breweri"
"1045","Lupinus_chamissonis"
"1046","Lupinus_concinnus"
"1047","Lupinus_dalesiae"
"1048","Lupinus_elatus"
"1049","Lupinus_excubitus"
"1050","Lupinus_formosus"
"1051","Lupinus_fulcratus"
"1052","Lupinus_guadalupensis"
"1053","Lupinus_hirsutissimus"
"1054","Lupinus_latifolius"
"1055","Lupinus_lepidus"
"1056","Lupinus_littoralis"
"1057","Lupinus_luteolus"
"1058","Lupinus_microcarpus"
"1059","Lupinus_nanus"
"1060","Lupinus_odoratus"
"1061","Lupinus_pachylobus"
"1062","Lupinus_peirsonii"
"1063","Lupinus_polyphyllus"
"1064","Lupinus_shockleyi"
"1065","Lupinus_sparsiflorus"
"1066","Lupinus_stiversii"
"1067","Lupinus_succulentus"
"1068","Lupinus_truncatus"
"1069","Marina_parryi"
"1070","Olneya_tesota"
"1071","Pediomelum_californicum"
"1072","Phaseolus_filiformis"
"1073","Psorothamnus_arborescens"
"1074","Psorothamnus_emoryi"
"1075","Psorothamnus_polydenius"
"1076","Psorothamnus_schottii"
"1077","Psorothamnus_spinosus"
"1078","Robinia_neomexicana"
"1079","Rupertia_physodes"
"1080","Rupertia_rigida"
"1081","Senna_armata"
"1082","Senna_covesii"
"1083","Sesbania_herbacea"
"1084","Thermopsis_gracilis"
"1085","Thermopsis_macrophylla"
"1086","Trifolium_albopurpureum"
"1087","Trifolium_andersonii"
"1088","Trifolium_barbigerum"
"1089","Trifolium_bifidum"
"1090","Trifolium_ciliolatum"
"1091","Trifolium_cyathiferum"
"1092","Trifolium_depauperatum"
"1093","Trifolium_dichotomum"
"1094","Trifolium_fucatum"
"1095","Trifolium_gracilentum"
"1096","Trifolium_longipes"
"1097","Trifolium_macraei"
"1098","Trifolium_microcephalum"
"1099","Trifolium_microdon"
"1100","Trifolium_monanthum"
"1101","Trifolium_obtusiflorum"
"1102","Trifolium_oliganthum"
"1103","Trifolium_variegatum"
"1104","Trifolium_willdenovii"
"1105","Trifolium_wormskioldii"
"1106","Vicia_gigantea"
"1107","Chrysolepis_chrysophylla"
"1108","Chrysolepis_sempervirens"
"1109","Notholithocarpus_densiflorus"
"1110","Quercus_agrifolia"
"1111","Quercus_berberidifolia"
"1112","Quercus_cedrosensis"
"1113","Quercus_chrysolepis"
"1114","Quercus_douglasii"
"1115","Quercus_dumosa"
"1116","Quercus_durata"
"1117","Quercus_engelmannii"
"1118","Quercus_garryana"
"1119","Quercus_kelloggii"
"1120","Quercus_lobata"
"1121","Quercus_pacifica"
"1122","Quercus_palmeri"
"1123","Quercus_tomentella"
"1124","Quercus_turbinella"
"1125","Quercus_vacciniifolia"
"1126","Quercus_wislizeni"
"1127","Frankenia_salina"
"1128","Garrya_elliptica"
"1129","Garrya_flavescens"
"1130","Garrya_fremontii"
"1131","Frasera_albicaulis"
"1132","Frasera_neglecta"
"1133","Frasera_parryi"
"1134","Gentiana_calycosa"
"1135","Gentiana_newberryi"
"1136","Gentiana_sceptrum"
"1137","Gentianopsis_holopetala"
"1138","Gentianopsis_simplex"
"1139","Zeltnera_exaltata"
"1140","Zeltnera_muehlenbergii"
"1141","Zeltnera_venusta"
"1142","California_macrophylla"
"1143","Erodium_texanum"
"1144","Geranium_carolinianum"
"1145","Geranium_oreganum"
"1146","Geranium_richardsonii"
"1147","Ribes_amarum"
"1148","Ribes_aureum"
"1149","Ribes_bracteosum"
"1150","Ribes_californicum"
"1151","Ribes_canthariforme"
"1152","Ribes_cereum"
"1153","Ribes_divaricatum"
"1154","Ribes_lasianthum"
"1155","Ribes_laxiflorum"
"1156","Ribes_malvaceum"
"1157","Ribes_menziesii"
"1158","Ribes_montigenum"
"1159","Ribes_nevadense"
"1160","Ribes_quercetorum"
"1161","Ribes_roezlii"
"1162","Ribes_sanguineum"
"1163","Ribes_sericeum"
"1164","Ribes_speciosum"
"1165","Ribes_thacherianum"
"1166","Ribes_velutinum"
"1167","Ribes_viburnifolium"
"1168","Ribes_viscosissimum"
"1169","Myriophyllum_hippuroides"
"1170","Myriophyllum_quitense"
"1171","Myriophyllum_sibiricum"
"1172","Myriophyllum_verticillatum"
"1173","Carpenteria_californica"
"1174","Fendlerella_utahensis"
"1175","Philadelphus_lewisii"
"1176","Philadelphus_microphyllus"
"1177","Whipplea_modesta"
"1178","Draperia_systyla"
"1179","Emmenanthe_penduliflora"
"1180","Eucrypta_chrysanthemifolia"
"1181","Eucrypta_micrantha"
"1182","Hesperochiron_pumilus"
"1183","Hydrophyllum_occidentale"
"1184","Hydrophyllum_tenuipes"
"1185","Nemophila_heterophylla"
"1186","Nemophila_maculata"
"1187","Nemophila_menziesii"
"1188","Nemophila_parviflora"
"1189","Nemophila_pedunculata"
"1190","Nemophila_pulchella"
"1191","Nemophila_spatulata"
"1192","Phacelia_affinis"
"1193","Phacelia_argentea"
"1194","Phacelia_bicolor"
"1195","Phacelia_brachyloba"
"1196","Phacelia_breweri"
"1197","Phacelia_californica"
"1198","Phacelia_cicutaria"
"1199","Phacelia_ciliata"
"1200","Phacelia_crenulata"
"1201","Phacelia_cryptantha"
"1202","Phacelia_curvipes"
"1203","Phacelia_distans"
"1204","Phacelia_douglasii"
"1205","Phacelia_egena"
"1206","Phacelia_eisenii"
"1207","Phacelia_floribunda"
"1208","Phacelia_fremontii"
"1209","Phacelia_grandiflora"
"1210","Phacelia_grisea"
"1211","Phacelia_hubbyi"
"1212","Phacelia_hydrophylloides"
"1213","Phacelia_imbricata"
"1214","Phacelia_longipes"
"1215","Phacelia_lyonii"
"1216","Phacelia_minor"
"1217","Phacelia_mohavensis"
"1218","Phacelia_mutabilis"
"1219","Phacelia_neglecta"
"1220","Phacelia_nemoralis"
"1221","Phacelia_parryi"
"1222","Phacelia_pedicellata"
"1223","Phacelia_perityloides"
"1224","Phacelia_procera"
"1225","Phacelia_purpusii"
"1226","Phacelia_ramosissima"
"1227","Phacelia_stellaris"
"1228","Phacelia_suaveolens"
"1229","Phacelia_tanacetifolia"
"1230","Phacelia_vallicola"
"1231","Phacelia_viscida"
"1232","Pholistoma_auritum"
"1233","Pholistoma_membranaceum"
"1234","Pholistoma_racemosum"
"1235","Romanzoffia_tracyi"
"1236","Tricardia_watsonii"
"1237","Hypericum_anagalloides"
"1238","Hypericum_scouleri"
"1239","Juglans_californica"
"1240","Juglans_hindsii"
"1241","Krameria_bicolor"
"1242","Krameria_erecta"
"1243","Acanthomintha_ilicifolia"
"1244","Acanthomintha_lanceolata"
"1245","Agastache_urticifolia"
"1246","Clinopodium_chandleri"
"1247","Hedeoma_drummondii"
"1248","Lepechinia_calycina"
"1249","Lepechinia_cardiophylla"
"1250","Lepechinia_fragrans"
"1251","Lepechinia_ganderi"
"1252","Lycopus_americanus"
"1253","Lycopus_uniflorus"
"1254","Mentha_canadensis"
"1255","Monardella_australis"
"1256","Monardella_breweri"
"1257","Monardella_hypoleuca"
"1258","Monardella_linoides"
"1259","Monardella_macrantha"
"1260","Monardella_nana"
"1261","Monardella_odoratissima"
"1262","Monardella_undulata"
"1263","Pogogyne_abramsii"
"1264","Pogogyne_douglasii"
"1265","Pogogyne_nudiuscula"
"1266","Pogogyne_serpylloides"
"1267","Prunella_vulgaris"
"1268","Pycnanthemum_californicum"
"1269","Salvia_brandegeei"
"1270","Salvia_carduacea"
"1271","Salvia_columbariae"
"1272","Salvia_dorrii"
"1273","Salvia_leucophylla"
"1274","Salvia_munzii"
"1275","Salvia_vaseyi"
"1276","Scutellaria_lateriflora"
"1277","Scutellaria_siphocampyloides"
"1278","Scutellaria_tuberosa"
"1279","Stachys_albens"
"1280","Stachys_bullata"
"1281","Stachys_chamissonis"
"1282","Stachys_mexicana"
"1283","Stachys_pilosa"
"1284","Stachys_rigida"
"1285","Stachys_stricta"
"1286","Teucrium_glandulosum"
"1287","Trichostema_lanatum"
"1288","Trichostema_lanceolatum"
"1289","Trichostema_micranthum"
"1290","Trichostema_oblongum"
"1291","Trichostema_ovatum"
"1292","Pholisma_arenarium"
"1293","Utricularia_gibba"
"1294","Utricularia_minor"
"1295","Utricularia_ochroleuca"
"1296","Limnanthes_alba"
"1297","Limnanthes_douglasii"
"1298","Hesperolinon_congestum"
"1299","Hesperolinon_micranthum"
"1300","Sclerolinon_digynum"
"1301","Lindernia_dubia"
"1302","Eucnide_urens"
"1303","Mentzelia_affinis"
"1304","Mentzelia_congesta"
"1305","Mentzelia_desertorum"
"1306","Mentzelia_dispersa"
"1307","Mentzelia_gracilenta"
"1308","Mentzelia_hirsutissima"
"1309","Mentzelia_involucrata"
"1310","Mentzelia_lindleyi"
"1311","Mentzelia_montana"
"1312","Mentzelia_nitens"
"1313","Mentzelia_obscura"
"1314","Mentzelia_pectinata"
"1315","Mentzelia_tricuspis"
"1316","Mentzelia_veatchiana"
"1317","Petalonyx_linearis"
"1318","Petalonyx_nitidus"
"1319","Petalonyx_thurberi"
"1320","Ammannia_coccinea"
"1321","Ammannia_robusta"
"1322","Lythrum_californicum"
"1323","Rotala_ramosior"
"1324","Abutilon_palmeri"
"1325","Abutilon_parvulum"
"1326","Ayenia_compacta"
"1327","Eremalche_exilis"
"1328","Eremalche_parryi"
"1329","Eremalche_rotundifolia"
"1330","Fremontodendron_californicum"
"1331","Fremontodendron_mexicanum"
"1332","Herissantia_crispa"
"1333","Hibiscus_denudatus"
"1334","Horsfordia_alata"
"1335","Horsfordia_newberryi"
"1336","Malacothamnus_aboriginum"
"1337","Malacothamnus_clementinus"
"1338","Malacothamnus_densiflorus"
"1339","Malacothamnus_fasciculatus"
"1340","Malacothamnus_fremontii"
"1341","Malacothamnus_marrubioides"
"1342","Malacothamnus_orbiculatus"
"1343","Malva_assurgentiflora"
"1344","Malvella_leprosa"
"1345","Sidalcea_calycosa"
"1346","Sidalcea_hartwegii"
"1347","Sidalcea_hickmanii"
"1348","Sidalcea_malachroides"
"1349","Sidalcea_malviflora"
"1350","Sidalcea_neomexicana"
"1351","Sphaeralcea_ambigua"
"1352","Sphaeralcea_angustifolia"
"1353","Sphaeralcea_coulteri"
"1354","Sphaeralcea_orcuttii"
"1355","Proboscidea_althaeifolia"
"1356","Menyanthes_trifoliata"
"1357","Calandrinia_breweri"
"1358","Claytonia_exigua"
"1359","Claytonia_gypsophiloides"
"1360","Claytonia_lanceolata"
"1361","Claytonia_nevadensis"
"1362","Claytonia_parviflora"
"1363","Claytonia_perfoliata"
"1364","Claytonia_rubra"
"1365","Claytonia_washingtoniana"
"1366","Lewisia_brachycalyx"
"1367","Lewisia_pygmaea"
"1368","Lewisia_rediviva"
"1369","Montia_chamissoi"
"1370","Montia_fontana"
"1371","Montia_linearis"
"1372","Montia_parvifolia"
"1373","Myrica_hartwegii"
"1374","Eriodictyon_angustifolium"
"1375","Eriodictyon_californicum"
"1376","Eriodictyon_tomentosum"
"1377","Eriodictyon_traskiae"
"1378","Nama_rothrockii"
"1379","Abronia_latifolia"
"1380","Abronia_pogonantha"
"1381","Abronia_turbinata"
"1382","Abronia_umbellata"
"1383","Abronia_villosa"
"1384","Acleisanthes_longiflora"
"1385","Allionia_incarnata"
"1386","Boerhavia_coccinea"
"1387","Boerhavia_coulteri"
"1388","Mirabilis_albida"
"1389","Mirabilis_laevis"
"1390","Mirabilis_multiflora"
"1391","Mirabilis_tenuiloba"
"1392","Forestiera_pubescens"
"1393","Fraxinus_anomala"
"1394","Fraxinus_dipetala"
"1395","Fraxinus_latifolia"
"1396","Fraxinus_velutina"
"1397","Menodora_scabra"
"1398","Camissonia_campestris"
"1399","Camissonia_kernensis"
"1400","Camissonia_parvula"
"1401","Camissonia_pusilla"
"1402","Camissonia_strigulosa"
"1403","Camissoniopsis_bistorta"
"1404","Camissoniopsis_cheiranthifolia"
"1405","Camissoniopsis_confusa"
"1406","Camissoniopsis_hirtella"
"1407","Camissoniopsis_ignota"
"1408","Camissoniopsis_intermedia"
"1409","Camissoniopsis_lewisii"
"1410","Camissoniopsis_luciae"
"1411","Camissoniopsis_micrantha"
"1412","Camissoniopsis_pallida"
"1413","Chylismia_arenaria"
"1414","Chylismia_brevipes"
"1415","Chylismia_claviformis"
"1416","Chylismiella_pterosperma"
"1417","Clarkia_affinis"
"1418","Clarkia_amoena"
"1419","Clarkia_bottae"
"1420","Clarkia_breweri"
"1421","Clarkia_concinna"
"1422","Clarkia_cylindrica"
"1423","Clarkia_davyi"
"1424","Clarkia_delicata"
"1425","Clarkia_dudleyana"
"1426","Clarkia_epilobioides"
"1427","Clarkia_gracilis"
"1428","Clarkia_heterandra"
"1429","Clarkia_purpurea"
"1430","Clarkia_rhomboidea"
"1431","Clarkia_rubicunda"
"1432","Clarkia_similis"
"1433","Clarkia_speciosa"
"1434","Clarkia_unguiculata"
"1435","Clarkia_xantiana"
"1436","Epilobium_anagallidifolium"
"1437","Epilobium_brachycarpum"
"1438","Epilobium_canum"
"1439","Epilobium_ciliatum"
"1440","Epilobium_clavatum"
"1441","Epilobium_glaberrimum"
"1442","Epilobium_lactiflorum"
"1443","Epilobium_minutum"
"1444","Epilobium_obcordatum"
"1445","Epilobium_oregonense"
"1446","Epilobium_saximontanum"
"1447","Eremothera_boothii"
"1448","Eremothera_chamaenerioides"
"1449","Eremothera_refracta"
"1450","Eulobus_californicus"
"1451","Gayophytum_decipiens"
"1452","Gayophytum_diffusum"
"1453","Gayophytum_eriospermum"
"1454","Gayophytum_heterozygum"
"1455","Gayophytum_oligospermum"
"1456","Gayophytum_racemosum"
"1457","Gayophytum_ramosissimum"
"1458","Ludwigia_palustris"
"1459","Ludwigia_repens"
"1460","Oenothera_avita"
"1461","Oenothera_cespitosa"
"1462","Oenothera_deltoides"
"1463","Oenothera_elata"
"1464","Oenothera_flava"
"1465","Oenothera_longissima"
"1466","Oenothera_primiveris"
"1467","Oenothera_pubescens"
"1468","Castilleja_affinis"
"1469","Castilleja_ambigua"
"1470","Castilleja_applegatei"
"1471","Castilleja_arachnoidea"
"1472","Castilleja_attenuata"
"1473","Castilleja_brevistyla"
"1474","Castilleja_densiflora"
"1475","Castilleja_exserta"
"1476","Castilleja_foliolosa"
"1477","Castilleja_grisea"
"1478","Castilleja_lasiorhyncha"
"1479","Castilleja_latifolia"
"1480","Castilleja_lemmonii"
"1481","Castilleja_linariifolia"
"1482","Castilleja_lineariloba"
"1483","Castilleja_miniata"
"1484","Castilleja_minor"
"1485","Castilleja_nana"
"1486","Castilleja_plagiotoma"
"1487","Castilleja_praeterita"
"1488","Castilleja_rubicundula"
"1489","Castilleja_tenuis"
"1490","Castilleja_wightii"
"1491","Cordylanthus_nevinii"
"1492","Cordylanthus_pringlei"
"1493","Cordylanthus_rigidus"
"1494","Cordylanthus_tenuis"
"1495","Kopsiopsis_strobilacea"
"1496","Orthocarpus_bracteosus"
"1497","Pedicularis_attollens"
"1498","Pedicularis_densiflora"
"1499","Pedicularis_groenlandica"
"1500","Triphysaria_eriantha"
"1501","Triphysaria_micrantha"
"1502","Triphysaria_pusilla"
"1503","Triphysaria_versicolor"
"1504","Oxalis_oregana"
"1505","Oxalis_suksdorfii"
"1506","Oxalis_trilliifolia"
"1507","Paeonia_californica"
"1508","Argemone_corymbosa"
"1509","Corydalis_aurea"
"1510","Dendromecon_harfordii"
"1511","Dendromecon_rigida"
"1512","Dicentra_formosa"
"1513","Dicentra_nevadensis"
"1514","Dicentra_pauciflora"
"1515","Dicentra_uniflora"
"1516","Ehrendorferia_chrysantha"
"1517","Ehrendorferia_ochroleuca"
"1518","Eschscholzia_caespitosa"
"1519","Eschscholzia_californica"
"1520","Eschscholzia_glyptosperma"
"1521","Eschscholzia_hypecoides"
"1522","Eschscholzia_lobbii"
"1523","Eschscholzia_minutiflora"
"1524","Eschscholzia_parishii"
"1525","Eschscholzia_ramosa"
"1526","Hesperomecon_linearis"
"1527","Meconella_denticulata"
"1528","Papaver_californicum"
"1529","Platystemon_californicus"
"1530","Romneya_trichocalyx"
"1531","Erythranthe_acutidens"
"1532","Mimetanthe_pilosa"
"1533","Tetracoccus_dioicus"
"1534","Antirrhinum_leptaleum"
"1535","Antirrhinum_ovatum"
"1536","Antirrhinum_vexillocalyculatum"
"1537","Bacopa_eisenii"
"1538","Callitriche_heterophylla"
"1539","Callitriche_longipedunculata"
"1540","Callitriche_marginata"
"1541","Callitriche_palustris"
"1542","Collinsia_bartsiifolia"
"1543","Collinsia_callosa"
"1544","Collinsia_childii"
"1545","Collinsia_concolor"
"1546","Collinsia_corymbosa"
"1547","Collinsia_heterophylla"
"1548","Collinsia_linearis"
"1549","Collinsia_multicolor"
"1550","Collinsia_parryi"
"1551","Collinsia_parviflora"
"1552","Collinsia_sparsiflora"
"1553","Collinsia_tinctoria"
"1554","Collinsia_torreyi"
"1555","Gratiola_ebracteata"
"1556","Gratiola_neglecta"
"1557","Hippuris_vulgaris"
"1558","Keckiella_antirrhinoides"
"1559","Keckiella_breviflora"
"1560","Keckiella_cordifolia"
"1561","Keckiella_rothrockii"
"1562","Keckiella_ternata"
"1563","Nuttallanthus_texanus"
"1564","Penstemon_albomarginatus"
"1565","Penstemon_anguineus"
"1566","Penstemon_azureus"
"1567","Penstemon_bicolor"
"1568","Penstemon_caesius"
"1569","Penstemon_centranthifolius"
"1570","Penstemon_clevelandii"
"1571","Penstemon_deustus"
"1572","Penstemon_floridus"
"1573","Penstemon_grinnellii"
"1574","Penstemon_heterodoxus"
"1575","Penstemon_heterophyllus"
"1576","Penstemon_incertus"
"1577","Penstemon_neotericus"
"1578","Penstemon_newberryi"
"1579","Penstemon_rostriflorus"
"1580","Penstemon_rupicola"
"1581","Penstemon_scapoides"
"1582","Penstemon_speciosus"
"1583","Penstemon_thurberi"
"1584","Plantago_elongata"
"1585","Plantago_erecta"
"1586","Plantago_eriopoda"
"1587","Plantago_maritima"
"1588","Plantago_ovata"
"1589","Plantago_patagonica"
"1590","Plantago_rhodosperma"
"1591","Pseudorontium_cyathiferum"
"1592","Stemodia_durantifolia"
"1593","Tonella_tenella"
"1594","Veronica_americana"
"1595","Veronica_catenata"
"1596","Veronica_cusickii"
"1597","Veronica_scutellata"
"1598","Veronica_wormskjoldii"
"1599","Platanus_racemosa"
"1600","Limonium_californicum"
"1601","Aliciella_leptomeria"
"1602","Aliciella_micromeria"
"1603","Allophyllum_divaricatum"
"1604","Allophyllum_gilioides"
"1605","Allophyllum_integrifolium"
"1606","Collomia_grandiflora"
"1607","Collomia_heterophylla"
"1608","Collomia_linearis"
"1609","Collomia_tinctoria"
"1610","Eriastrum_densifolium"
"1611","Eriastrum_diffusum"
"1612","Eriastrum_hooveri"
"1613","Eriastrum_pluriflorum"
"1614","Eriastrum_sapphirinum"
"1615","Eriastrum_wilcoxii"
"1616","Gilia_brecciarum"
"1617","Gilia_cana"
"1618","Gilia_capitata"
"1619","Gilia_clivorum"
"1620","Gilia_diegensis"
"1621","Gilia_inconspicua"
"1622","Gilia_latiflora"
"1623","Gilia_malior"
"1624","Gilia_mexicana"
"1625","Gilia_minor"
"1626","Gilia_modocensis"
"1627","Gilia_nevinii"
"1628","Gilia_ochroleuca"
"1629","Gilia_ophthalmoides"
"1630","Gilia_scopulorum"
"1631","Gilia_sinuata"
"1632","Gilia_stellata"
"1633","Gilia_tenuiflora"
"1634","Gilia_transmontana"
"1635","Gilia_tricolor"
"1636","Ipomopsis_aggregata"
"1637","Ipomopsis_tenuifolia"
"1638","Ipomopsis_tenuituba"
"1639","Langloisia_setosissima"
"1640","Leptosiphon_liniflorus"
"1641","Leptosiphon_montanus"
"1642","Leptosiphon_nuttallii"
"1643","Linanthus_demissus"
"1644","Linanthus_dianthiflorus"
"1645","Linanthus_dichotomus"
"1646","Linanthus_jonesii"
"1647","Linanthus_orcuttii"
"1648","Linanthus_parryae"
"1649","Linanthus_pungens"
"1650","Loeseliastrum_matthewsii"
"1651","Loeseliastrum_schottii"
"1652","Microsteris_gracilis"
"1653","Navarretia_capillaris"
"1654","Navarretia_divaricata"
"1655","Navarretia_filicaulis"
"1656","Navarretia_hamata"
"1657","Navarretia_intertexta"
"1658","Navarretia_leptalea"
"1659","Navarretia_leucocephala"
"1660","Navarretia_mellita"
"1661","Navarretia_prostrata"
"1662","Navarretia_pubescens"
"1663","Navarretia_sinistra"
"1664","Navarretia_tagetina"
"1665","Navarretia_viscidula"
"1666","Phlox_austromontana"
"1667","Phlox_diffusa"
"1668","Phlox_douglasii"
"1669","Phlox_speciosa"
"1670","Phlox_stansburyi"
"1671","Polemonium_californicum"
"1672","Polemonium_carneum"
"1673","Polemonium_eximium"
"1674","Polemonium_micranthum"
"1675","Polemonium_occidentale"
"1676","Saltugilia_caruifolia"
"1677","Aconogonon_davisiae"
"1678","Aconogonon_phytolaccifolium"
"1679","Bistorta_bistortoides"
"1680","Centrostegia_thurberi"
"1681","Chorizanthe_angustifolia"
"1682","Chorizanthe_brevicornu"
"1683","Chorizanthe_clevelandii"
"1684","Chorizanthe_corrugata"
"1685","Chorizanthe_douglasii"
"1686","Chorizanthe_fimbriata"
"1687","Chorizanthe_membranacea"
"1688","Chorizanthe_palmeri"
"1689","Chorizanthe_polygonoides"
"1690","Chorizanthe_procumbens"
"1691","Chorizanthe_pungens"
"1692","Chorizanthe_rigida"
"1693","Chorizanthe_stellulata"
"1694","Chorizanthe_uniaristata"
"1695","Chorizanthe_watsonii"
"1696","Chorizanthe_wheeleri"
"1697","Chorizanthe_xanti"
"1698","Eriogonum_angulosum"
"1699","Eriogonum_apiculatum"
"1700","Eriogonum_arborescens"
"1701","Eriogonum_baileyi"
"1702","Eriogonum_brachyanthum"
"1703","Eriogonum_brachypodum"
"1704","Eriogonum_cinereum"
"1705","Eriogonum_cithariforme"
"1706","Eriogonum_crocatum"
"1707","Eriogonum_dasyanthemum"
"1708","Eriogonum_deflexum"
"1709","Eriogonum_elatum"
"1710","Eriogonum_elegans"
"1711","Eriogonum_fasciculatum"
"1712","Eriogonum_giganteum"
"1713","Eriogonum_gossypinum"
"1714","Eriogonum_gracile"
"1715","Eriogonum_gracillimum"
"1716","Eriogonum_grande"
"1717","Eriogonum_heermannii"
"1718","Eriogonum_hirtiflorum"
"1719","Eriogonum_incanum"
"1720","Eriogonum_inerme"
"1721","Eriogonum_inflatum"
"1722","Eriogonum_latifolium"
"1723","Eriogonum_luteolum"
"1724","Eriogonum_maculatum"
"1725","Eriogonum_marifolium"
"1726","Eriogonum_mohavense"
"1727","Eriogonum_nudum"
"1728","Eriogonum_ordii"
"1729","Eriogonum_palmerianum"
"1730","Eriogonum_panamintense"
"1731","Eriogonum_parishii"
"1732","Eriogonum_parvifolium"
"1733","Eriogonum_plumatella"
"1734","Eriogonum_reniforme"
"1735","Eriogonum_saxatile"
"1736","Eriogonum_spergulinum"
"1737","Eriogonum_ternatum"
"1738","Eriogonum_thomasii"
"1739","Eriogonum_thurberi"
"1740","Eriogonum_trichopes"
"1741","Eriogonum_umbellatum"
"1742","Eriogonum_vimineum"
"1743","Eriogonum_viridescens"
"1744","Eriogonum_wrightii"
"1745","Goodmania_luteola"
"1746","Hollisteria_lanata"
"1747","Lastarriaea_coriacea"
"1748","Mucronea_californica"
"1749","Mucronea_perfoliata"
"1750","Nemacaulis_denudata"
"1751","Oxyria_digyna"
"1752","Oxytheca_perfoliata"
"1753","Persicaria_amphibia"
"1754","Persicaria_hydropiperoides"
"1755","Persicaria_lapathifolia"
"1756","Persicaria_punctata"
"1757","Polygonum_douglasii"
"1758","Polygonum_minimum"
"1759","Polygonum_paronychia"
"1760","Polygonum_parryi"
"1761","Polygonum_polygaloides"
"1762","Polygonum_ramosissimum"
"1763","Polygonum_shastense"
"1764","Polygonum_spergulariiforme"
"1765","Pterostegia_drymarioides"
"1766","Rumex_californicus"
"1767","Rumex_hymenosepalus"
"1768","Rumex_occidentalis"
"1769","Rumex_paucifolius"
"1770","Rumex_salicifolius"
"1771","Rumex_transitorius"
"1772","Rumex_triangulivalvis"
"1773","Rumex_venosus"
"1774","Rumex_violascens"
"1775","Sidotheca_caryophylloides"
"1776","Sidotheca_trilobata"
"1777","Portulaca_halimoides"
"1778","Androsace_occidentalis"
"1779","Androsace_septentrionalis"
"1780","Aconitum_columbianum"
"1781","Actaea_rubra"
"1782","Anemone_tuberosa"
"1783","Aquilegia_formosa"
"1784","Aquilegia_pubescens"
"1785","Caltha_leptosepala"
"1786","Clematis_lasiantha"
"1787","Clematis_ligusticifolia"
"1788","Clematis_pauciflora"
"1789","Coptis_laciniata"
"1790","Delphinium_decorum"
"1791","Delphinium_glaucum"
"1792","Delphinium_gracilentum"
"1793","Delphinium_gypsophilum"
"1794","Delphinium_hansenii"
"1795","Delphinium_nudicaule"
"1796","Delphinium_nuttallianum"
"1797","Delphinium_parishii"
"1798","Delphinium_parryi"
"1799","Delphinium_patens"
"1800","Delphinium_polycladon"
"1801","Delphinium_recurvatum"
"1802","Delphinium_umbraculorum"
"1803","Delphinium_variegatum"
"1804","Myosurus_apetalus"
"1805","Myosurus_minimus"
"1806","Myosurus_sessilis"
"1807","Ranunculus_alismifolius"
"1808","Ranunculus_aquatilis"
"1809","Ranunculus_californicus"
"1810","Ranunculus_canus"
"1811","Ranunculus_eschscholtzii"
"1812","Ranunculus_flammula"
"1813","Ranunculus_hebecarpus"
"1814","Ranunculus_hydrocharoides"
"1815","Ranunculus_macounii"
"1816","Ranunculus_occidentalis"
"1817","Ranunculus_orthorhynchus"
"1818","Ranunculus_pusillus"
"1819","Ranunculus_sceleratus"
"1820","Ranunculus_uncinatus"
"1821","Thalictrum_fendleri"
"1822","Thalictrum_occidentale"
"1823","Oligomeris_linifolia"
"1824","Adolphia_californica"
"1825","Ceanothus_arboreus"
"1826","Ceanothus_cordulatus"
"1827","Ceanothus_crassifolius"
"1828","Ceanothus_cuneatus"
"1829","Ceanothus_cyaneus"
"1830","Ceanothus_dentatus"
"1831","Ceanothus_diversifolius"
"1832","Ceanothus_foliosus"
"1833","Ceanothus_gloriosus"
"1834","Ceanothus_impressus"
"1835","Ceanothus_integerrimus"
"1836","Ceanothus_lemmonii"
"1837","Ceanothus_megacarpus"
"1838","Ceanothus_oliganthus"
"1839","Ceanothus_ophiochilus"
"1840","Ceanothus_otayensis"
"1841","Ceanothus_palmeri"
"1842","Ceanothus_papillosus"
"1843","Ceanothus_pauciflorus"
"1844","Ceanothus_pinetorum"
"1845","Ceanothus_spinosus"
"1846","Ceanothus_thyrsiflorus"
"1847","Ceanothus_tomentosus"
"1848","Ceanothus_velutinus"
"1849","Ceanothus_verrucosus"
"1850","Colubrina_californica"
"1851","Frangula_californica"
"1852","Frangula_rubra"
"1853","Rhamnus_crocea"
"1854","Rhamnus_ilicifolia"
"1855","Rhamnus_pilosa"
"1856","Adenostoma_fasciculatum"
"1857","Agrimonia_gryposepala"
"1858","Agrimonia_striata"
"1859","Amelanchier_alnifolia"
"1860","Amelanchier_utahensis"
"1861","Cercocarpus_betuloides"
"1862","Cercocarpus_ledifolius"
"1863","Cercocarpus_traskiae"
"1864","Chamaebatia_australis"
"1865","Chamaebatia_foliolosa"
"1866","Chamaebatiaria_millefolium"
"1867","Coleogyne_ramosissima"
"1868","Crataegus_douglasii"
"1869","Crataegus_gaylussacia"
"1870","Drymocallis_glandulosa"
"1871","Fallugia_paradoxa"
"1872","Fragaria_chiloensis"
"1873","Fragaria_vesca"
"1874","Fragaria_virginiana"
"1875","Geum_aleppicum"
"1876","Geum_macrophyllum"
"1877","Heteromeles_arbutifolia"
"1878","Holodiscus_discolor"
"1879","Horkelia_californica"
"1880","Horkelia_cuneata"
"1881","Horkelia_marinensis"
"1882","Horkelia_rydbergii"
"1883","Horkelia_tenuiloba"
"1884","Ivesia_santolinoides"
"1885","Ivesia_saxosa"
"1886","Ivesia_unguiculata"
"1887","Luetkea_pectinata"
"1888","Lyonothamnus_floribundus"
"1889","Malus_fusca"
"1890","Oemleria_cerasiformis"
"1891","Petrophytum_caespitosum"
"1892","Physocarpus_capitatus"
"1893","Potentilla_anserina"
"1894","Potentilla_biennis"
"1895","Potentilla_drummondii"
"1896","Potentilla_flabellifolia"
"1897","Potentilla_gracilis"
"1898","Potentilla_multijuga"
"1899","Potentilla_rivalis"
"1900","Potentilla_wheeleri"
"1901","Prunus_andersonii"
"1902","Prunus_emarginata"
"1903","Prunus_fasciculata"
"1904","Prunus_fremontii"
"1905","Prunus_ilicifolia"
"1906","Prunus_subcordata"
"1907","Purshia_stansburyana"
"1908","Purshia_tridentata"
"1909","Rosa_bridgesii"
"1910","Rosa_californica"
"1911","Rosa_gymnocarpa"
"1912","Rosa_minutifolia"
"1913","Rosa_nutkana"
"1914","Rosa_pisocarpa"
"1915","Rosa_spithamea"
"1916","Rosa_woodsii"
"1917","Rubus_nivalis"
"1918","Rubus_parviflorus"
"1919","Rubus_spectabilis"
"1920","Rubus_ursinus"
"1921","Sanguisorba_officinalis"
"1922","Sibbaldia_procumbens"
"1923","Sorbus_californica"
"1924","Sorbus_scopulina"
"1925","Spiraea_douglasii"
"1926","Cephalanthus_occidentalis"
"1927","Galium_andrewsii"
"1928","Galium_angustifolium"
"1929","Galium_aparine"
"1930","Galium_bifolium"
"1931","Galium_bolanderi"
"1932","Galium_buxifolium"
"1933","Galium_californicum"
"1934","Galium_catalinense"
"1935","Galium_cliftonsmithii"
"1936","Galium_glabrescens"
"1937","Galium_hallii"
"1938","Galium_hypotrichium"
"1939","Galium_jepsonii"
"1940","Galium_matthewsii"
"1941","Galium_multiflorum"
"1942","Galium_nuttallii"
"1943","Galium_porrigens"
"1944","Galium_proliferum"
"1945","Galium_sparsiflorum"
"1946","Galium_stellatum"
"1947","Galium_trifidum"
"1948","Galium_triflorum"
"1949","Galium_wrightii"
"1950","Kelloggia_galioides"
"1951","Cneoridium_dumosum"
"1952","Ptelea_crenulata"
"1953","Thamnosma_montana"
"1954","Populus_tremuloides"
"1955","Populus_trichocarpa"
"1956","Salix_breweri"
"1957","Salix_eastwoodiae"
"1958","Salix_exigua"
"1959","Salix_geyeriana"
"1960","Salix_gooddingii"
"1961","Salix_hookeriana"
"1962","Salix_jepsonii"
"1963","Salix_laevigata"
"1964","Salix_lasiandra"
"1965","Salix_lasiolepis"
"1966","Salix_lemmonii"
"1967","Salix_ligulifolia"
"1968","Salix_lutea"
"1969","Salix_melanopsis"
"1970","Salix_orestera"
"1971","Salix_prolixa"
"1972","Salix_scouleriana"
"1973","Salix_sitchensis"
"1974","Acer_glabrum"
"1975","Acer_macrophyllum"
"1976","Acer_negundo"
"1977","Aesculus_californica"
"1978","Darlingtonia_californica"
"1979","Bolandra_californica"
"1980","Boykinia_occidentalis"
"1981","Boykinia_rotundifolia"
"1982","Heuchera_abramsii"
"1983","Heuchera_brevistaminea"
"1984","Heuchera_maxima"
"1985","Heuchera_micrantha"
"1986","Heuchera_rubescens"
"1987","Jepsonia_malvifolia"
"1988","Jepsonia_parryi"
"1989","Lithophragma_affine"
"1990","Lithophragma_bolanderi"
"1991","Lithophragma_cymbalaria"
"1992","Lithophragma_glabrum"
"1993","Lithophragma_heterophyllum"
"1994","Lithophragma_maximum"
"1995","Lithophragma_parviflorum"
"1996","Lithophragma_tenellum"
"1997","Saxifraga_mertensiana"
"1998","Tellima_grandiflora"
"1999","Limosella_acaulis"
"2000","Limosella_aquatica"
"2001","Scrophularia_atrata"
"2002","Scrophularia_californica"
"2003","Scrophularia_desertorum"
"2004","Scrophularia_villosa"
"2005","Simmondsia_chinensis"
"2006","Chamaesaracha_coronopus"
"2007","Chamaesaracha_nana"
"2008","Datura_discolor"
"2009","Datura_wrightii"
"2010","Lycium_andersonii"
"2011","Lycium_brevipes"
"2012","Lycium_californicum"
"2013","Lycium_cooperi"
"2014","Lycium_fremontii"
"2015","Lycium_parishii"
"2016","Nicotiana_attenuata"
"2017","Nicotiana_obtusifolia"
"2018","Nicotiana_quadrivalvis"
"2019","Physalis_acutifolia"
"2020","Physalis_crassifolia"
"2021","Physalis_hederifolia"
"2022","Physalis_lobata"
"2023","Solanum_americanum"
"2024","Solanum_douglasii"
"2025","Solanum_parishii"
"2026","Solanum_umbelliferum"
"2027","Solanum_wallacei"
"2028","Solanum_xanti"
"2029","Staphylea_bolanderi"
"2030","Dirca_occidentalis"
"2031","Hesperocnide_tenella"
"2032","Parietaria_hespera"
"2033","Parietaria_pensylvanica"
"2034","Urtica_dioica"
"2035","Plectritis_ciliosa"
"2036","Plectritis_macrocera"
"2037","Aloysia_wrightii"
"2038","Phyla_lanceolata"
"2039","Phyla_nodiflora"
"2040","Verbena_bracteata"
"2041","Verbena_hastata"
"2042","Verbena_lasiostachys"
"2043","Verbena_menthifolia"
"2044","Verbena_scabra"
"2045","Sambucus_racemosa"
"2046","Viburnum_ellipticum"
"2047","Viola_douglasii"
"2048","Viola_glabella"
"2049","Viola_lobata"
"2050","Viola_macloskeyi"
"2051","Viola_nephrophylla"
"2052","Viola_palustris"
"2053","Viola_pedunculata"
"2054","Viola_pinetorum"
"2055","Viola_purpurea"
"2056","Viola_sempervirens"
"2057","Viola_sheltonii"
"2058","Arceuthobium_americanum"
"2059","Arceuthobium_campylopodum"
"2060","Arceuthobium_douglasii"
"2061","Phoradendron_bolleanum"
"2062","Phoradendron_californicum"
"2063","Phoradendron_juniperinum"
"2064","Phoradendron_leucarpum"
"2065","Vitis_californica"
"2066","Vitis_girdiana"
"2067","Fagonia_laevis"
"2068","Fagonia_pachyacantha"
"2069","Kallstroemia_californica"
"2070","Kallstroemia_parviflora"
"2071","Larrea_tridentata"
"2072","Agave_deserti"
"2073","Agave_utahensis"
"2074","Chlorogalum_pomeridianum"
"2075","Hesperocallis_undulata"
"2076","Leucocrinum_montanum"
"2077","Yucca_brevifolia"
"2078","Yucca_schidigera"
"2079","Alisma_triviale"
"2080","Echinodorus_berteroi"
"2081","Sagittaria_cuneata"
"2082","Sagittaria_latifolia"
"2083","Sagittaria_longiloba"
"2084","Sagittaria_sanfordii"
"2085","Allium_acuminatum"
"2086","Allium_amplectens"
"2087","Allium_bisceptrum"
"2088","Allium_burlewii"
"2089","Allium_campanulatum"
"2090","Allium_cratericola"
"2091","Allium_crispum"
"2092","Allium_dichlamydeum"
"2093","Allium_fimbriatum"
"2094","Allium_haematochiton"
"2095","Allium_howellii"
"2096","Allium_lacunosum"
"2097","Allium_lemmonii"
"2098","Allium_munzii"
"2099","Allium_parishii"
"2100","Allium_parryi"
"2101","Allium_peninsulare"
"2102","Allium_praecox"
"2103","Allium_tribracteatum"
"2104","Allium_unifolium"
"2105","Allium_validum"
"2106","Landoltia_punctata"
"2107","Lemna_aequinoctialis"
"2108","Lemna_gibba"
"2109","Lemna_minor"
"2110","Lemna_minuta"
"2111","Lemna_trisulca"
"2112","Lemna_turionifera"
"2113","Lemna_valdiviana"
"2114","Lysichiton_americanus"
"2115","Wolffia_borealis"
"2116","Wolffia_brasiliensis"
"2117","Wolffia_columbiana"
"2118","Wolffia_globosa"
"2119","Wolffiella_lingulata"
"2120","Wolffiella_oblonga"
"2121","Washingtonia_filifera"
"2122","Amphiscirpus_nevadensis"
"2123","Bolboschoenus_fluviatilis"
"2124","Bolboschoenus_robustus"
"2125","Bulbostylis_capillaris"
"2126","Carex_abrupta"
"2127","Carex_alma"
"2128","Carex_amplifolia"
"2129","Carex_angustata"
"2130","Carex_arcta"
"2131","Carex_athrostachya"
"2132","Carex_aurea"
"2133","Carex_barbarae"
"2134","Carex_bolanderi"
"2135","Carex_brainerdii"
"2136","Carex_brevicaulis"
"2137","Carex_breweri"
"2138","Carex_buxbaumii"
"2139","Carex_californica"
"2140","Carex_capitata"
"2141","Carex_comosa"
"2142","Carex_congdonii"
"2143","Carex_cusickii"
"2144","Carex_davyi"
"2145","Carex_densa"
"2146","Carex_douglasii"
"2147","Carex_duriuscula"
"2148","Carex_echinata"
"2149","Carex_exsiccata"
"2150","Carex_feta"
"2151","Carex_filifolia"
"2152","Carex_fissuricola"
"2153","Carex_fracta"
"2154","Carex_globosa"
"2155","Carex_gracilior"
"2156","Carex_gynodynama"
"2157","Carex_harfordii"
"2158","Carex_hassei"
"2159","Carex_helleri"
"2160","Carex_hendersonii"
"2161","Carex_heteroneura"
"2162","Carex_hoodii"
"2163","Carex_hystericina"
"2164","Carex_illota"
"2165","Carex_integra"
"2166","Carex_jonesii"
"2167","Carex_laeviculmis"
"2168","Carex_lemmonii"
"2169","Carex_lenticularis"
"2170","Carex_leporina"
"2171","Carex_leporinella"
"2172","Carex_leptalea"
"2173","Carex_leptopoda"
"2174","Carex_luzulifolia"
"2175","Carex_luzulina"
"2176","Carex_lyngbyei"
"2177","Carex_mariposana"
"2178","Carex_microptera"
"2179","Carex_multicaulis"
"2180","Carex_multicostata"
"2181","Carex_nebrascensis"
"2182","Carex_nervina"
"2183","Carex_nudata"
"2184","Carex_obnupta"
"2185","Carex_occidentalis"
"2186","Carex_pansa"
"2187","Carex_pellita"
"2188","Carex_phaeocephala"
"2189","Carex_praegracilis"
"2190","Carex_praticola"
"2191","Carex_preslii"
"2192","Carex_proposita"
"2193","Carex_raynoldsii"
"2194","Carex_rossii"
"2195","Carex_sartwelliana"
"2196","Carex_schottii"
"2197","Carex_senta"
"2198","Carex_serratodens"
"2199","Carex_simulata"
"2200","Carex_specifica"
"2201","Carex_spectabilis"
"2202","Carex_spissa"
"2203","Carex_straminiformis"
"2204","Carex_subbracteata"
"2205","Carex_subnigricans"
"2206","Carex_tompkinsii"
"2207","Carex_triquetra"
"2208","Carex_tumulicola"
"2209","Carex_vallicola"
"2210","Carex_vernacula"
"2211","Carex_vesicaria"
"2212","Cyperus_acuminatus"
"2213","Cyperus_eragrostis"
"2214","Cyperus_erythrorhizos"
"2215","Cyperus_esculentus"
"2216","Cyperus_laevigatus"
"2217","Cyperus_odoratus"
"2218","Cyperus_parishii"
"2219","Cyperus_squarrosus"
"2220","Cyperus_strigosus"
"2221","Eleocharis_acicularis"
"2222","Eleocharis_atropurpurea"
"2223","Eleocharis_bella"
"2224","Eleocharis_bolanderi"
"2225","Eleocharis_coloradoensis"
"2226","Eleocharis_engelmannii"
"2227","Eleocharis_geniculata"
"2228","Eleocharis_macrostachya"
"2229","Eleocharis_montevidensis"
"2230","Eleocharis_obtusa"
"2231","Eleocharis_ovata"
"2232","Eleocharis_palustris"
"2233","Eleocharis_parishii"
"2234","Eleocharis_parvula"
"2235","Eleocharis_quinqueflora"
"2236","Eleocharis_rostellata"
"2237","Eleocharis_suksdorfiana"
"2238","Eriophorum_gracile"
"2239","Fimbristylis_thermalis"
"2240","Fimbristylis_vahlii"
"2241","Isolepis_carinata"
"2242","Isolepis_cernua"
"2243","Lipocarpha_aristulata"
"2244","Lipocarpha_micrantha"
"2245","Rhynchospora_alba"
"2246","Rhynchospora_capitellata"
"2247","Schoenoplectus_americanus"
"2248","Schoenoplectus_californicus"
"2249","Schoenoplectus_subterminalis"
"2250","Schoenoplectus_tabernaemontani"
"2251","Schoenus_nigricans"
"2252","Scirpus_congdonii"
"2253","Scirpus_microcarpus"
"2254","Scirpus_pendulus"
"2255","Elodea_bifoliata"
"2256","Elodea_canadensis"
"2257","Elodea_nuttallii"
"2258","Najas_flexilis"
"2259","Najas_marina"
"2260","Iris_douglasiana"
"2261","Iris_hartwegii"
"2262","Iris_longipetala"
"2263","Iris_macrosiphon"
"2264","Iris_missouriensis"
"2265","Iris_thompsonii"
"2266","Sisyrinchium_bellum"
"2267","Sisyrinchium_californicum"
"2268","Sisyrinchium_elmeri"
"2269","Sisyrinchium_halophilum"
"2270","Sisyrinchium_idahoense"
"2271","Sisyrinchium_longipes"
"2272","Juncus_acuminatus"
"2273","Juncus_bolanderi"
"2274","Juncus_breweri"
"2275","Juncus_bryoides"
"2276","Juncus_bufonius"
"2277","Juncus_capillaris"
"2278","Juncus_chlorocephalus"
"2279","Juncus_confusus"
"2280","Juncus_cooperi"
"2281","Juncus_covillei"
"2282","Juncus_drummondii"
"2283","Juncus_dudleyi"
"2284","Juncus_effusus"
"2285","Juncus_ensifolius"
"2286","Juncus_exiguus"
"2287","Juncus_falcatus"
"2288","Juncus_hemiendytus"
"2289","Juncus_hesperius"
"2290","Juncus_howellii"
"2291","Juncus_kelloggii"
"2292","Juncus_laccatus"
"2293","Juncus_leiospermus"
"2294","Juncus_luciensis"
"2295","Juncus_macrandrus"
"2296","Juncus_macrophyllus"
"2297","Juncus_mertensianus"
"2298","Juncus_nevadensis"
"2299","Juncus_nodosus"
"2300","Juncus_orthophyllus"
"2301","Juncus_parryi"
"2302","Juncus_patens"
"2303","Juncus_phaeocephalus"
"2304","Juncus_saximontanus"
"2305","Juncus_supiniformis"
"2306","Juncus_tenuis"
"2307","Juncus_tiehmii"
"2308","Juncus_torreyi"
"2309","Juncus_triformis"
"2310","Juncus_uncialis"
"2311","Juncus_xiphioides"
"2312","Luzula_comosa"
"2313","Luzula_orestera"
"2314","Luzula_parviflora"
"2315","Luzula_subcongesta"
"2316","Triglochin_concinna"
"2317","Triglochin_maritima"
"2318","Triglochin_striata"
"2319","Calochortus_albus"
"2320","Calochortus_amoenus"
"2321","Calochortus_catalinae"
"2322","Calochortus_concolor"
"2323","Calochortus_invenustus"
"2324","Calochortus_kennedyi"
"2325","Calochortus_luteus"
"2326","Calochortus_nudus"
"2327","Calochortus_palmeri"
"2328","Calochortus_plummerae"
"2329","Calochortus_splendens"
"2330","Calochortus_striatus"
"2331","Calochortus_superbus"
"2332","Calochortus_tolmiei"
"2333","Calochortus_umbellatus"
"2334","Calochortus_venustus"
"2335","Calochortus_vestae"
"2336","Clintonia_andrewsiana"
"2337","Erythronium_revolutum"
"2338","Fritillaria_affinis"
"2339","Fritillaria_agrestis"
"2340","Fritillaria_atropurpurea"
"2341","Fritillaria_liliacea"
"2342","Fritillaria_micrantha"
"2343","Fritillaria_ojaiensis"
"2344","Fritillaria_pinetorum"
"2345","Lilium_humboldtii"
"2346","Lilium_maritimum"
"2347","Lilium_occidentale"
"2348","Lilium_pardalinum"
"2349","Lilium_parryi"
"2350","Lilium_parvum"
"2351","Prosartes_hookeri"
"2352","Scoliopus_bigelovii"
"2353","Toxicoscordion_exaltatum"
"2354","Toxicoscordion_fremontii"
"2355","Toxicoscordion_paniculatum"
"2356","Trillium_albidum"
"2357","Trillium_angustipetalum"
"2358","Trillium_chloropetalum"
"2359","Trillium_ovatum"
"2360","Veratrum_insolitum"
"2361","Cephalanthera_austiniae"
"2362","Corallorhiza_maculata"
"2363","Corallorhiza_mertensiana"
"2364","Corallorhiza_striata"
"2365","Cypripedium_montanum"
"2366","Epipactis_gigantea"
"2367","Goodyera_oblongifolia"
"2368","Piperia_candida"
"2369","Piperia_elegans"
"2370","Piperia_elongata"
"2371","Piperia_leptopetala"
"2372","Piperia_transversa"
"2373","Piperia_unalascensis"
"2374","Platanthera_sparsiflora"
"2375","Platanthera_stricta"
"2376","Spiranthes_porrifolia"
"2377","Spiranthes_romanzoffiana"
"2378","Agrostis_blasdalei"
"2379","Agrostis_densiflora"
"2380","Agrostis_elliottiana"
"2381","Agrostis_exarata"
"2382","Agrostis_hallii"
"2383","Agrostis_hooveri"
"2384","Agrostis_humilis"
"2385","Agrostis_idahoensis"
"2386","Agrostis_microphylla"
"2387","Agrostis_pallens"
"2388","Agrostis_scabra"
"2389","Agrostis_variabilis"
"2390","Alopecurus_aequalis"
"2391","Alopecurus_carolinianus"
"2392","Alopecurus_geniculatus"
"2393","Alopecurus_saccatus"
"2394","Aristida_adscensionis"
"2395","Aristida_californica"
"2396","Aristida_divaricata"
"2397","Aristida_oligantha"
"2398","Aristida_purpurea"
"2399","Beckmannia_syzigachne"
"2400","Bothriochloa_barbinodis"
"2401","Bouteloua_curtipendula"
"2402","Bromus_arizonicus"
"2403","Bromus_ciliatus"
"2404","Bromus_grandis"
"2405","Bromus_laevipes"
"2406","Bromus_orcuttianus"
"2407","Bromus_porteri"
"2408","Bromus_pseudolaevipes"
"2409","Bromus_richardsonii"
"2410","Bromus_sitchensis"
"2411","Bromus_suksdorfii"
"2412","Bromus_vulgaris"
"2413","Calamagrostis_breweri"
"2414","Calamagrostis_koelerioides"
"2415","Calamagrostis_nutkaensis"
"2416","Calamagrostis_purpurascens"
"2417","Calamagrostis_rubescens"
"2418","Danthonia_californica"
"2419","Danthonia_unispicata"
"2420","Dasyochloa_pulchella"
"2421","Deschampsia_cespitosa"
"2422","Deschampsia_danthonioides"
"2423","Deschampsia_elongata"
"2424","Distichlis_spicata"
"2425","Elymus_elymoides"
"2426","Elymus_glaucus"
"2427","Elymus_multisetus"
"2428","Elymus_spicatus"
"2429","Elymus_stebbinsii"
"2430","Enneapogon_desvauxii"
"2431","Eragrostis_hypnoides"
"2432","Eragrostis_lutescens"
"2433","Eragrostis_mexicana"
"2434","Eragrostis_pectinacea"
"2435","Erioneuron_pilosum"
"2436","Festuca_californica"
"2437","Festuca_elmeri"
"2438","Festuca_idahoensis"
"2439","Festuca_occidentalis"
"2440","Festuca_rubra"
"2441","Festuca_saximontana"
"2442","Festuca_subulata"
"2443","Festuca_viridula"
"2444","Glyceria_borealis"
"2445","Glyceria_elata"
"2446","Glyceria_striata"
"2447","Hilaria_rigida"
"2448","Hordeum_arizonicum"
"2449","Hordeum_brachyantherum"
"2450","Hordeum_depressum"
"2451","Imperata_brevifolia"
"2452","Koeleria_macrantha"
"2453","Leersia_oryzoides"
"2454","Leptochloa_dubia"
"2455","Leptochloa_fusca"
"2456","Leptochloa_viscida"
"2457","Melica_aristata"
"2458","Melica_bulbosa"
"2459","Melica_californica"
"2460","Melica_frutescens"
"2461","Melica_geyeri"
"2462","Melica_harfordii"
"2463","Melica_imperfecta"
"2464","Melica_stricta"
"2465","Melica_subulata"
"2466","Melica_torreyana"
"2467","Muhlenbergia_andina"
"2468","Muhlenbergia_arsenei"
"2469","Muhlenbergia_asperifolia"
"2470","Muhlenbergia_emersleyi"
"2471","Muhlenbergia_filiformis"
"2472","Muhlenbergia_fragilis"
"2473","Muhlenbergia_mexicana"
"2474","Muhlenbergia_microsperma"
"2475","Muhlenbergia_minutissima"
"2476","Muhlenbergia_montana"
"2477","Muhlenbergia_pauciflora"
"2478","Muhlenbergia_porteri"
"2479","Muhlenbergia_richardsonis"
"2480","Muhlenbergia_rigens"
"2481","Muhlenbergia_utilis"
"2482","Munroa_squarrosa"
"2483","Orcuttia_californica"
"2484","Panicum_acuminatum"
"2485","Panicum_capillare"
"2486","Panicum_urvilleanum"
"2487","Paspalum_distichum"
"2488","Phalaris_angusta"
"2489","Phalaris_arundinacea"
"2490","Phalaris_lemmonii"
"2491","Phleum_alpinum"
"2492","Phragmites_australis"
"2493","Pleuropogon_californicus"
"2494","Pleuropogon_refractus"
"2495","Poa_atropurpurea"
"2496","Poa_bigelovii"
"2497","Poa_confinis"
"2498","Poa_douglasii"
"2499","Poa_fendleriana"
"2500","Poa_howellii"
"2501","Poa_lettermanii"
"2502","Poa_macrantha"
"2503","Poa_pringlei"
"2504","Poa_secunda"
"2505","Poa_stebbinsii"
"2506","Poa_wheeleri"
"2507","Polypogon_interruptus"
"2508","Puccinellia_nutkaensis"
"2509","Puccinellia_nuttalliana"
"2510","Puccinellia_parishii"
"2511","Puccinellia_simplex"
"2512","Scleropogon_brevifolius"
"2513","Scribneria_bolanderi"
"2514","Setaria_parviflora"
"2515","Spartina_foliosa"
"2516","Spartina_gracilis"
"2517","Sphenopholis_obtusata"
"2518","Sporobolus_airoides"
"2519","Sporobolus_contractus"
"2520","Sporobolus_cryptandrus"
"2521","Sporobolus_flexuosus"
"2522","Sporobolus_wrightii"
"2523","Stipa_arida"
"2524","Stipa_comata"
"2525","Stipa_coronata"
"2526","Stipa_kingii"
"2527","Stipa_latiglumis"
"2528","Stipa_lemmonii"
"2529","Stipa_lettermanii"
"2530","Stipa_nevadensis"
"2531","Stipa_occidentalis"
"2532","Stipa_pinetorum"
"2533","Stipa_speciosa"
"2534","Torreyochloa_erecta"
"2535","Trisetum_cernuum"
"2536","Trisetum_spicatum"
"2537","Heteranthera_dubia"
"2538","Potamogeton_amplifolius"
"2539","Potamogeton_berchtoldii"
"2540","Potamogeton_diversifolius"
"2541","Potamogeton_epihydrus"
"2542","Potamogeton_foliosus"
"2543","Potamogeton_illinoensis"
"2544","Potamogeton_natans"
"2545","Potamogeton_nodosus"
"2546","Potamogeton_pusillus"
"2547","Potamogeton_robbinsii"
"2548","Stuckenia_pectinata"
"2549","Stuckenia_striata"
"2550","Ruppia_cirrhosa"
"2551","Ruppia_maritima"
"2552","Maianthemum_dilatatum"
"2553","Maianthemum_racemosum"
"2554","Maianthemum_stellatum"
"2555","Nolina_bigelovii"
"2556","Nolina_cismontana"
"2557","Nolina_interrata"
"2558","Nolina_parryi"
"2559","Odontostomum_hartwegii"
"2560","Bloomeria_clevelandii"
"2561","Bloomeria_crocea"
"2562","Brodiaea_appendiculata"
"2563","Brodiaea_californica"
"2564","Brodiaea_coronaria"
"2565","Brodiaea_filifolia"
"2566","Brodiaea_jolonensis"
"2567","Brodiaea_kinkiensis"
"2568","Brodiaea_orcuttii"
"2569","Brodiaea_santarosae"
"2570","Brodiaea_stellaris"
"2571","Brodiaea_terrestris"
"2572","Dichelostemma_congestum"
"2573","Dichelostemma_volubile"
"2574","Muilla_maritima"
"2575","Muilla_transmontana"
"2576","Triteleia_bridgesii"
"2577","Triteleia_clementina"
"2578","Triteleia_hyacinthina"
"2579","Triteleia_ixioides"
"2580","Triteleia_laxa"
"2581","Sparganium_angustifolium"
"2582","Sparganium_emersum"
"2583","Sparganium_eurycarpum"
"2584","Typha_domingensis"
"2585","Typha_latifolia"
"2586","Zannichellia_palustris"
"2587","Phyllospadix_scouleri"
"2588","Phyllospadix_torreyi"
"2589","Zostera_marina"
