"","name"
"1","Isoetes_bolanderi"
"2","Isoetes_occidentalis"
"3","Selaginella_scopulorum"
"4","Cystopteris_fragilis"
"5","Polystichum_californicum"
"6","Polystichum_dudleyi"
"7","Polystichum_kruckebergii"
"8","Polystichum_scopulinum"
"9","Botrychium_ascendens"
"10","Botrychium_crenulatum"
"11","Botrychium_montanum"
"12","Botrychium_pinnatum"
"13","Botrychium_simplex"
"14","Ophioglossum_californicum"
"15","Polypodium_californicum"
"16","Polypodium_calirhiza"
"17","Cryptogramma_cascadensis"
"18","Pellaea_mucronata"
"19","Woodsia_oregana"
"20","Woodsia_scopulina"
"21","Pinus_torreyana"
"22","Pseudotsuga_macrocarpa"
"23","Asarum_hartwegii"
"24","Asarum_marmoratum"
"25","Amaranthus_californicus"
"26","Amaranthus_fimbriatus"
"27","Angelica_californica"
"28","Angelica_genuflexa"
"29","Angelica_lineariloba"
"30","Apiastrum_angustifolium"
"31","Cicuta_douglasii"
"32","Cicuta_maculata"
"33","Cymopterus_terebinthinus"
"34","Daucus_pusillus"
"35","Eryngium_alismifolium"
"36","Eryngium_armatum"
"37","Eryngium_articulatum"
"38","Eryngium_castrense"
"39","Eryngium_mathiasiae"
"40","Ligusticum_apiifolium"
"41","Ligusticum_californicum"
"42","Ligusticum_grayi"
"43","Lilaeopsis_occidentalis"
"44","Lomatium_californicum"
"45","Lomatium_canbyi"
"46","Lomatium_caruifolium"
"47","Lomatium_ciliolatum"
"48","Lomatium_dasycarpum"
"49","Lomatium_foeniculaceum"
"50","Lomatium_hallii"
"51","Lomatium_hendersonii"
"52","Lomatium_howellii"
"53","Lomatium_marginatum"
"54","Lomatium_martindalei"
"55","Lomatium_mohavense"
"56","Lomatium_nevadense"
"57","Lomatium_nudicaule"
"58","Lomatium_parvifolium"
"59","Lomatium_peckianum"
"60","Lomatium_piperi"
"61","Lomatium_repostum"
"62","Lomatium_torreyi"
"63","Lomatium_tracyi"
"64","Lomatium_triternatum"
"65","Lomatium_utriculatum"
"66","Lomatium_vaginatum"
"67","Oenanthe_sarmentosa"
"68","Oreonana_clementis"
"69","Osmorhiza_berteroi"
"70","Oxypolis_occidentalis"
"71","Perideridia_bolanderi"
"72","Perideridia_gairdneri"
"73","Perideridia_howellii"
"74","Perideridia_kelloggii"
"75","Perideridia_lemmonii"
"76","Perideridia_oregana"
"77","Perideridia_parishii"
"78","Perideridia_pringlei"
"79","Sanicula_arguta"
"80","Sanicula_bipinnata"
"81","Sanicula_bipinnatifida"
"82","Sanicula_crassicaulis"
"83","Sanicula_graveolens"
"84","Sanicula_laciniata"
"85","Sanicula_tracyi"
"86","Sanicula_tuberosa"
"87","Tauschia_hartwegii"
"88","Yabea_microcarpa"
"89","Amsonia_tomentosa"
"90","Asclepias_californica"
"91","Asclepias_cordifolia"
"92","Asclepias_cryptoceras"
"93","Asclepias_eriocarpa"
"94","Asclepias_erosa"
"95","Asclepias_speciosa"
"96","Funastrum_crispum"
"97","Pilostyles_thurberi"
"98","Hydrocotyle_umbellata"
"99","Acamptopappus_sphaerocephalus"
"100","Achyrachaena_mollis"
"101","Adenophyllum_porophylloides"
"102","Ageratina_occidentalis"
"103","Ageratina_shastensis"
"104","Agoseris_grandiflora"
"105","Agoseris_heterophylla"
"106","Agoseris_hirsuta"
"107","Agoseris_monticola"
"108","Agoseris_parviflora"
"109","Almutaster_pauciflorus"
"110","Ambrosia_acanthicarpa"
"111","Ambrosia_chamissonis"
"112","Ambrosia_confertiflora"
"113","Ambrosia_ilicifolia"
"114","Ambrosia_monogyra"
"115","Ambrosia_psilostachya"
"116","Ambrosia_salsola"
"117","Ancistrocarphus_filagineus"
"118","Anisocarpus_madioides"
"119","Anisocarpus_scabridus"
"120","Anisocoma_acaulis"
"121","Antennaria_argentea"
"122","Antennaria_corymbosa"
"123","Antennaria_dimorpha"
"124","Antennaria_flagellaris"
"125","Antennaria_geyeri"
"126","Antennaria_media"
"127","Antennaria_pulchella"
"128","Antennaria_racemosa"
"129","Antennaria_suffrutescens"
"130","Antennaria_umbrinella"
"131","Arnica_cernua"
"132","Arnica_nevadensis"
"133","Arnica_venosa"
"134","Arnica_viscosa"
"135","Artemisia_arbuscula"
"136","Artemisia_douglasiana"
"137","Artemisia_dracunculus"
"138","Artemisia_michauxiana"
"139","Artemisia_nova"
"140","Artemisia_rothrockii"
"141","Artemisia_spiciformis"
"142","Artemisia_suksdorfii"
"143","Baccharis_brachyphylla"
"144","Baccharis_pilularis"
"145","Baccharis_salicina"
"146","Baccharis_sarothroides"
"147","Baileya_pauciradiata"
"148","Baileya_pleniradiata"
"149","Balsamorhiza_deltoidea"
"150","Balsamorhiza_hookeri"
"151","Balsamorhiza_macrolepis"
"152","Balsamorhiza_sericea"
"153","Blennosperma_nanum"
"154","Blepharipappus_scaber"
"155","Blepharizonia_laxa"
"156","Brickellia_californica"
"157","Brickellia_greenei"
"158","Brickellia_microphylla"
"159","Brickellia_nevinii"
"160","Calycadenia_fremontii"
"161","Calycadenia_pauciflora"
"162","Calycadenia_spicata"
"163","Calycadenia_truncata"
"164","Centromadia_fitchii"
"165","Centromadia_parryi"
"166","Centromadia_pungens"
"167","Chaenactis_alpigena"
"168","Chaenactis_artemisiifolia"
"169","Chaenactis_carphoclinia"
"170","Chaenactis_fremontii"
"171","Chaenactis_macrantha"
"172","Chaenactis_nevadensis"
"173","Chaenactis_santolinoides"
"174","Chaenactis_stevioides"
"175","Chaenactis_suffrutescens"
"176","Chaetopappa_ericoides"
"177","Chrysothamnus_humilis"
"178","Chrysothamnus_viscidiflorus"
"179","Cirsium_andersonii"
"180","Cirsium_andrewsii"
"181","Cirsium_brevistylum"
"182","Cirsium_ciliolatum"
"183","Cirsium_cymosum"
"184","Cirsium_douglasii"
"185","Cirsium_mohavense"
"186","Cirsium_occidentale"
"187","Cirsium_quercetorum"
"188","Cirsium_remotifolium"
"189","Cirsium_scariosum"
"190","Cirsium_undulatum"
"191","Corethrogyne_filaginifolia"
"192","Crepis_acuminata"
"193","Crepis_bakeri"
"194","Crepis_intermedia"
"195","Crepis_modocensis"
"196","Crepis_monticola"
"197","Crepis_occidentalis"
"198","Crepis_pleurocarpa"
"199","Crepis_runcinata"
"200","Deinandra_lobbii"
"201","Deinandra_pallida"
"202","Dicoria_canescens"
"203","Dieteria_canescens"
"204","Eastwoodia_elegans"
"205","Ericameria_arborescens"
"206","Ericameria_bloomeri"
"207","Ericameria_cuneata"
"208","Ericameria_discoidea"
"209","Ericameria_ericoides"
"210","Ericameria_greenei"
"211","Ericameria_linearifolia"
"212","Ericameria_ophitidis"
"213","Ericameria_parryi"
"214","Ericameria_pinifolia"
"215","Ericameria_suffruticosa"
"216","Erigeron_algidus"
"217","Erigeron_aliceae"
"218","Erigeron_aphanactis"
"219","Erigeron_barbellulatus"
"220","Erigeron_biolettii"
"221","Erigeron_bloomeri"
"222","Erigeron_breweri"
"223","Erigeron_canadensis"
"224","Erigeron_cervinus"
"225","Erigeron_coulteri"
"226","Erigeron_divergens"
"227","Erigeron_eatonii"
"228","Erigeron_elegantulus"
"229","Erigeron_filifolius"
"230","Erigeron_flagellaris"
"231","Erigeron_foliosus"
"232","Erigeron_glacialis"
"233","Erigeron_glaucus"
"234","Erigeron_inornatus"
"235","Erigeron_klamathensis"
"236","Erigeron_lassenianus"
"237","Erigeron_linearis"
"238","Erigeron_lonchophyllus"
"239","Erigeron_maniopotamicus"
"240","Erigeron_nivalis"
"241","Erigeron_petrophilus"
"242","Erigeron_pygmaeus"
"243","Erigeron_tener"
"244","Erigeron_vagus"
"245","Eriophyllum_ambiguum"
"246","Eriophyllum_confertiflorum"
"247","Eriophyllum_jepsonii"
"248","Eriophyllum_lanatum"
"249","Eriophyllum_multicaule"
"250","Eriophyllum_pringlei"
"251","Eriophyllum_wallacei"
"252","Eurybia_integrifolia"
"253","Euthamia_occidentalis"
"254","Gnaphalium_palustre"
"255","Grindelia_camporum"
"256","Grindelia_hirsutula"
"257","Gutierrezia_californica"
"258","Harmonia_stebbinsii"
"259","Hazardia_squarrosa"
"260","Hazardia_whitneyi"
"261","Hecastocleis_shockleyi"
"262","Helenium_puberulum"
"263","Helianthella_californica"
"264","Helianthella_castanea"
"265","Helianthus_bolanderi"
"266","Helianthus_californicus"
"267","Helianthus_cusickii"
"268","Helianthus_nuttallii"
"269","Helianthus_petiolaris"
"270","Hemizonella_minima"
"271","Hesperevax_acaulis"
"272","Hesperevax_caulescens"
"273","Heterotheca_grandiflora"
"274","Heterotheca_oregona"
"275","Heterotheca_sessiliflora"
"276","Hieracium_bolanderi"
"277","Hieracium_greenei"
"278","Hieracium_nudicaule"
"279","Hieracium_scouleri"
"280","Holocarpha_heermannii"
"281","Holocarpha_macradenia"
"282","Holocarpha_obconica"
"283","Holocarpha_virgata"
"284","Holozonia_filipes"
"285","Hulsea_algida"
"286","Hulsea_brevifolia"
"287","Hulsea_heterochroma"
"288","Hulsea_vestita"
"289","Hymenopappus_filifolius"
"290","Hymenoxys_cooperi"
"291","Hymenoxys_hoopesii"
"292","Ionactis_alpina"
"293","Isocoma_acradenia"
"294","Iva_axillaris"
"295","Jaumea_carnosa"
"296","Jensia_rammii"
"297","Kyhosia_bolanderi"
"298","Lactuca_biennis"
"299","Laennecia_coulteri"
"300","Lagophylla_glandulosa"
"301","Lagophylla_minor"
"302","Lasthenia_californica"
"303","Lasthenia_conjugens"
"304","Lasthenia_ferrisiae"
"305","Lasthenia_fremontii"
"306","Lasthenia_glaberrima"
"307","Lasthenia_glabrata"
"308","Lasthenia_minor"
"309","Lasthenia_platycarpha"
"310","Layia_carnosa"
"311","Layia_chrysanthemoides"
"312","Layia_fremontii"
"313","Layia_gaillardioides"
"314","Layia_glandulosa"
"315","Layia_heterotricha"
"316","Layia_hieracioides"
"317","Layia_munzii"
"318","Layia_platyglossa"
"319","Layia_septentrionalis"
"320","Lepidospartum_squamatum"
"321","Lessingia_glandulifera"
"322","Lessingia_hololeuca"
"323","Lessingia_leptoclada"
"324","Lessingia_nana"
"325","Lessingia_nemaclada"
"326","Lessingia_pectinata"
"327","Lessingia_ramulosa"
"328","Lessingia_tenuis"
"329","Lessingia_virgata"
"330","Logfia_filaginoides"
"331","Madia_citriodora"
"332","Madia_exigua"
"333","Madia_glomerata"
"334","Madia_gracilis"
"335","Madia_radiata"
"336","Madia_subspicata"
"337","Malacothrix_californica"
"338","Malacothrix_coulteri"
"339","Malacothrix_floccifera"
"340","Malacothrix_glabrata"
"341","Malacothrix_saxatilis"
"342","Malacothrix_sonchoides"
"343","Malacothrix_torreyi"
"344","Matricaria_occidentalis"
"345","Microseris_bigelovii"
"346","Microseris_campestris"
"347","Microseris_douglasii"
"348","Microseris_paludosa"
"349","Monolopia_congdonii"
"350","Monolopia_gracilens"
"351","Monolopia_major"
"352","Monolopia_stricta"
"353","Nothocalais_alpestris"
"354","Nothocalais_troximoides"
"355","Packera_eurycephala"
"356","Packera_indecora"
"357","Packera_ionophylla"
"358","Packera_werneriifolia"
"359","Pentachaeta_alsinoides"
"360","Pentachaeta_exilis"
"361","Pleiacanthus_spinosus"
"362","Porophyllum_gracile"
"363","Pseudobahia_heermannii"
"364","Pseudognaphalium_biolettii"
"365","Pseudognaphalium_canescens"
"366","Pseudognaphalium_macounii"
"367","Pseudognaphalium_microcephalum"
"368","Pseudognaphalium_stramineum"
"369","Pseudognaphalium_thermale"
"370","Psilocarphus_chilensis"
"371","Psilocarphus_oregonus"
"372","Psilocarphus_tenellus"
"373","Pyrrocoma_apargioides"
"374","Pyrrocoma_hirta"
"375","Pyrrocoma_lanceolata"
"376","Pyrrocoma_racemosa"
"377","Pyrrocoma_uniflora"
"378","Rafinesquia_californica"
"379","Rafinesquia_neomexicana"
"380","Rigiopappus_leptocladus"
"381","Rudbeckia_californica"
"382","Rudbeckia_glaucescens"
"383","Rudbeckia_klamathensis"
"384","Rudbeckia_occidentalis"
"385","Senecio_aphanactis"
"386","Senecio_aronicoides"
"387","Senecio_californicus"
"388","Senecio_flaccidus"
"389","Senecio_fremontii"
"390","Senecio_hydrophiloides"
"391","Senecio_hydrophilus"
"392","Senecio_integerrimus"
"393","Senecio_scorzonella"
"394","Senecio_triangularis"
"395","Sericocarpus_oregonensis"
"396","Solidago_elongata"
"397","Solidago_spathulata"
"398","Sphaeromeria_cana"
"399","Sphaeromeria_potentilloides"
"400","Stenotus_acaulis"
"401","Stephanomeria_cichoriacea"
"402","Stephanomeria_elata"
"403","Stephanomeria_exigua"
"404","Stephanomeria_lactucina"
"405","Stephanomeria_paniculata"
"406","Stephanomeria_pauciflora"
"407","Stephanomeria_tenuifolia"
"408","Stephanomeria_virgata"
"409","Stylocline_gnaphaloides"
"410","Symphyotrichum_ascendens"
"411","Symphyotrichum_campestre"
"412","Symphyotrichum_chilense"
"413","Symphyotrichum_foliaceum"
"414","Symphyotrichum_frondosum"
"415","Symphyotrichum_spathulatum"
"416","Symphyotrichum_subspicatum"
"417","Syntrichopappus_fremontii"
"418","Tetradymia_canescens"
"419","Tetradymia_glabrata"
"420","Tetradymia_spinosa"
"421","Tonestus_lyallii"
"422","Tracyina_rostrata"
"423","Wyethia_angustifolia"
"424","Wyethia_glabra"
"425","Wyethia_helenioides"
"426","Wyethia_mollis"
"427","Berberis_nervosa"
"428","Berberis_pinnata"
"429","Alnus_viridis"
"430","Amsinckia_eastwoodiae"
"431","Amsinckia_lunaris"
"432","Amsinckia_lycopsoides"
"433","Amsinckia_menziesii"
"434","Amsinckia_vernicosa"
"435","Cryptantha_affinis"
"436","Cryptantha_ambigua"
"437","Cryptantha_barbigera"
"438","Cryptantha_clevelandii"
"439","Cryptantha_echinella"
"440","Cryptantha_flaccida"
"441","Cryptantha_glomeriflora"
"442","Cryptantha_intermedia"
"443","Cryptantha_leiocarpa"
"444","Cryptantha_maritima"
"445","Cryptantha_micromeres"
"446","Cryptantha_microstachys"
"447","Cryptantha_muricata"
"448","Cryptantha_nemaclada"
"449","Cryptantha_nevadensis"
"450","Cryptantha_simulans"
"451","Cryptantha_torreyana"
"452","Cryptantha_watsonii"
"453","Hackelia_amethystina"
"454","Hackelia_californica"
"455","Hackelia_floribunda"
"456","Hackelia_micrantha"
"457","Hackelia_mundula"
"458","Hackelia_nervosa"
"459","Hackelia_setosa"
"460","Hackelia_velutina"
"461","Lappula_redowskii"
"462","Mertensia_bella"
"463","Mertensia_longiflora"
"464","Mertensia_oblongifolia"
"465","Pectocarya_penicillata"
"466","Pectocarya_setosa"
"467","Plagiobothrys_acanthocarpus"
"468","Plagiobothrys_austiniae"
"469","Plagiobothrys_bracteatus"
"470","Plagiobothrys_canescens"
"471","Plagiobothrys_cognatus"
"472","Plagiobothrys_cusickii"
"473","Plagiobothrys_glyptocarpus"
"474","Plagiobothrys_hispidulus"
"475","Plagiobothrys_infectivus"
"476","Plagiobothrys_leptocladus"
"477","Plagiobothrys_lithocaryus"
"478","Plagiobothrys_mollis"
"479","Plagiobothrys_nothofulvus"
"480","Plagiobothrys_reticulatus"
"481","Plagiobothrys_salsus"
"482","Plagiobothrys_shastensis"
"483","Plagiobothrys_stipitatus"
"484","Plagiobothrys_tenellus"
"485","Plagiobothrys_torreyi"
"486","Plagiobothrys_undulatus"
"487","Arabis_blepharophylla"
"488","Boechera_bodiensis"
"489","Boechera_depauperata"
"490","Boechera_howellii"
"491","Boechera_pauciflora"
"492","Boechera_paupercula"
"493","Boechera_pendulocarpa"
"494","Boechera_rigidissima"
"495","Boechera_rollei"
"496","Boechera_ultraalsa"
"497","Boechera_xylopoda"
"498","Cardamine_occidentalis"
"499","Cardamine_pachystigma"
"500","Caulanthus_major"
"501","Caulanthus_pilosus"
"502","Descurainia_incana"
"503","Descurainia_paradisa"
"504","Draba_carnosula"
"505","Draba_howellii"
"506","Draba_lemmonii"
"507","Erysimum_franciscanum"
"508","Erysimum_menziesii"
"509","Erysimum_perenne"
"510","Lepidium_acutidens"
"511","Lepidium_jaredii"
"512","Lepidium_latipes"
"513","Lepidium_oxycarpum"
"514","Physaria_kingii"
"515","Rorippa_columbiae"
"516","Rorippa_tenerrima"
"517","Streptanthus_barbatus"
"518","Streptanthus_barbiger"
"519","Streptanthus_breweri"
"520","Streptanthus_diversifolius"
"521","Streptanthus_drepanoides"
"522","Streptanthus_glandulosus"
"523","Streptanthus_howellii"
"524","Streptanthus_insignis"
"525","Streptanthus_polygaloides"
"526","Thelypodium_brachycarpum"
"527","Thelypodium_milleflorum"
"528","Tropidocarpum_capparideum"
"529","Tropidocarpum_gracile"
"530","Echinocereus_engelmannii"
"531","Opuntia_littoralis"
"532","Campanula_angustiflora"
"533","Campanula_californica"
"534","Campanula_exigua"
"535","Campanula_griffinii"
"536","Campanula_shetleri"
"537","Campanula_wilkinsiana"
"538","Downingia_bella"
"539","Downingia_bicornuta"
"540","Downingia_concolor"
"541","Downingia_elegans"
"542","Downingia_laeta"
"543","Downingia_montana"
"544","Downingia_ornatissima"
"545","Downingia_pusilla"
"546","Githopsis_pulchella"
"547","Howellia_aquatilis"
"548","Nemacladus_capillaris"
"549","Nemacladus_gracilis"
"550","Nemacladus_interior"
"551","Nemacladus_longiflorus"
"552","Nemacladus_secundiflorus"
"553","Nemacladus_sigmoideus"
"554","Porterella_carnosula"
"555","Lonicera_ciliosa"
"556","Lonicera_conjugialis"
"557","Arenaria_paludicola"
"558","Eremogone_ferrisiae"
"559","Paronychia_ahartii"
"560","Polycarpon_tetraphyllum"
"561","Sabulina_stricta"
"562","Silene_antirrhina"
"563","Silene_bernardina"
"564","Silene_bridgesii"
"565","Silene_grayi"
"566","Silene_hookeri"
"567","Silene_invisa"
"568","Silene_menziesii"
"569","Silene_nuda"
"570","Silene_occidentalis"
"571","Silene_oregana"
"572","Silene_sargentii"
"573","Silene_suksdorfii"
"574","Silene_verecunda"
"575","Spergularia_atrosperma"
"576","Stellaria_calycantha"
"577","Stellaria_littoralis"
"578","Euonymus_occidentalis"
"579","Atriplex_argentea"
"580","Atriplex_canescens"
"581","Atriplex_confertifolia"
"582","Atriplex_cordulata"
"583","Atriplex_fruticulosa"
"584","Atriplex_hymenelytra"
"585","Atriplex_pacifica"
"586","Atriplex_parishii"
"587","Atriplex_polycarpa"
"588","Atriplex_truncata"
"589","Monolepis_spathulata"
"590","Neokochia_americana"
"591","Salicornia_bigelovii"
"592","Salicornia_depressa"
"593","Salicornia_rubra"
"594","Suaeda_californica"
"595","Suaeda_occidentalis"
"596","Suaeda_taxifolia"
"597","Cleomella_parviflora"
"598","Cleomella_plocasperma"
"599","Calystegia_collina"
"600","Calystegia_malacophylla"
"601","Calystegia_occidentalis"
"602","Calystegia_purpurata"
"603","Calystegia_subacaulis"
"604","Convolvulus_simulans"
"605","Cuscuta_brachycalyx"
"606","Cuscuta_suksdorfii"
"607","Cornus_glabrata"
"608","Cornus_sessilis"
"609","Crassula_aquatica"
"610","Crassula_connata"
"611","Dudleya_caespitosa"
"612","Dudleya_farinosa"
"613","Dudleya_lanceolata"
"614","Sedella_leiocarpa"
"615","Sedum_divergens"
"616","Sedum_obtusatum"
"617","Sedum_oregonense"
"618","Sedum_spathulifolium"
"619","Sedum_stenopetalum"
"620","Marah_watsonii"
"621","Elatine_brachysperma"
"622","Elatine_californica"
"623","Elatine_heterandra"
"624","Elatine_rubella"
"625","Allotropa_virgata"
"626","Arctostaphylos_andersonii"
"627","Arctostaphylos_canescens"
"628","Arctostaphylos_columbiana"
"629","Arctostaphylos_glandulosa"
"630","Arctostaphylos_glauca"
"631","Arctostaphylos_hispidula"
"632","Arctostaphylos_hookeri"
"633","Arctostaphylos_klamathensis"
"634","Arctostaphylos_manzanita"
"635","Arctostaphylos_mewukka"
"636","Arctostaphylos_nevadensis"
"637","Arctostaphylos_nortensis"
"638","Arctostaphylos_nummularia"
"639","Arctostaphylos_parryana"
"640","Arctostaphylos_patula"
"641","Arctostaphylos_stanfordiana"
"642","Arctostaphylos_tomentosa"
"643","Arctostaphylos_viscida"
"644","Hemitomes_congestum"
"645","Leucothoe_davisiae"
"646","Monotropa_hypopitys"
"647","Monotropa_uniflora"
"648","Pityopus_californicus"
"649","Pleuricospora_fimbriolata"
"650","Sarcodes_sanguinea"
"651","Vaccinium_cespitosum"
"652","Vaccinium_ovatum"
"653","Ditaxis_neomexicana"
"654","Euphorbia_arizonica"
"655","Euphorbia_crenulata"
"656","Euphorbia_hooveri"
"657","Euphorbia_melanadenia"
"658","Euphorbia_micromera"
"659","Euphorbia_ocellata"
"660","Euphorbia_platysperma"
"661","Euphorbia_polycarpa"
"662","Euphorbia_revoluta"
"663","Euphorbia_serpillifolia"
"664","Stillingia_linearifolia"
"665","Tragia_ramosa"
"666","Acmispon_brachycarpus"
"667","Acmispon_denticulatus"
"668","Acmispon_maritimus"
"669","Acmispon_parviflorus"
"670","Acmispon_wrangelianus"
"671","Amorpha_californica"
"672","Astragalus_agrestis"
"673","Astragalus_austiniae"
"674","Astragalus_breweri"
"675","Astragalus_californicus"
"676","Astragalus_casei"
"677","Astragalus_clevelandii"
"678","Astragalus_filipes"
"679","Astragalus_gambelianus"
"680","Astragalus_gibbsii"
"681","Astragalus_inversus"
"682","Astragalus_iodanthus"
"683","Astragalus_kentrophyta"
"684","Astragalus_lemmonii"
"685","Astragalus_lentiginosus"
"686","Astragalus_macrodon"
"687","Astragalus_malacus"
"688","Astragalus_nuttallii"
"689","Astragalus_obscurus"
"690","Astragalus_pachypus"
"691","Astragalus_pulsiferae"
"692","Astragalus_purshii"
"693","Astragalus_pycnostachyus"
"694","Astragalus_rattanii"
"695","Astragalus_tener"
"696","Astragalus_umbraticus"
"697","Astragalus_whitneyi"
"698","Calliandra_eriophylla"
"699","Dalea_ornata"
"700","Hosackia_crassifolia"
"701","Hosackia_gracilis"
"702","Hosackia_oblongifolia"
"703","Hosackia_pinnata"
"704","Hosackia_stipularis"
"705","Lathyrus_glandulosus"
"706","Lathyrus_jepsonii"
"707","Lathyrus_littoralis"
"708","Lathyrus_sulphureus"
"709","Lupinus_adsurgens"
"710","Lupinus_andersonii"
"711","Lupinus_angustiflorus"
"712","Lupinus_antoninus"
"713","Lupinus_arboreus"
"714","Lupinus_arbustus"
"715","Lupinus_breweri"
"716","Lupinus_constancei"
"717","Lupinus_covillei"
"718","Lupinus_croceus"
"719","Lupinus_dalesiae"
"720","Lupinus_excubitus"
"721","Lupinus_fulcratus"
"722","Lupinus_lapidicola"
"723","Lupinus_leucophyllus"
"724","Lupinus_littoralis"
"725","Lupinus_obtusilobus"
"726","Lupinus_pachylobus"
"727","Lupinus_sericatus"
"728","Oxytropis_parryi"
"729","Psorothamnus_arborescens"
"730","Psorothamnus_polydenius"
"731","Psorothamnus_spinosus"
"732","Thermopsis_californica"
"733","Thermopsis_gracilis"
"734","Thermopsis_macrophylla"
"735","Trifolium_barbigerum"
"736","Trifolium_dichotomum"
"737","Trifolium_fucatum"
"738","Trifolium_howellii"
"739","Trifolium_macraei"
"740","Trifolium_microdon"
"741","Vicia_gigantea"
"742","Notholithocarpus_densiflorus"
"743","Quercus_agrifolia"
"744","Quercus_berberidifolia"
"745","Quercus_douglasii"
"746","Quercus_dumosa"
"747","Quercus_durata"
"748","Quercus_engelmannii"
"749","Quercus_kelloggii"
"750","Quercus_vacciniifolia"
"751","Frankenia_salina"
"752","Garrya_congdonii"
"753","Garrya_flavescens"
"754","Garrya_fremontii"
"755","Comastoma_tenellum"
"756","Frasera_speciosa"
"757","Gentiana_calycosa"
"758","Gentiana_newberryi"
"759","Gentiana_plurisetosa"
"760","Gentiana_prostrata"
"761","Gentiana_sceptrum"
"762","Gentiana_setigera"
"763","Gentianopsis_simplex"
"764","Zeltnera_davyi"
"765","California_macrophylla"
"766","Geranium_oreganum"
"767","Geranium_viscosissimum"
"768","Ribes_californicum"
"769","Ribes_lasianthum"
"770","Ribes_laxiflorum"
"771","Ribes_nevadense"
"772","Ribes_quercetorum"
"773","Ribes_victoris"
"774","Ribes_viscosissimum"
"775","Myriophyllum_quitense"
"776","Philadelphus_microphyllus"
"777","Emmenanthe_penduliflora"
"778","Howellanthus_dalesianus"
"779","Hydrophyllum_occidentale"
"780","Nemophila_breviflora"
"781","Nemophila_heterophylla"
"782","Nemophila_maculata"
"783","Nemophila_pedunculata"
"784","Nemophila_spatulata"
"785","Phacelia_adenophora"
"786","Phacelia_affinis"
"787","Phacelia_brachyloba"
"788","Phacelia_breweri"
"789","Phacelia_californica"
"790","Phacelia_cicutaria"
"791","Phacelia_ciliata"
"792","Phacelia_corymbosa"
"793","Phacelia_curvipes"
"794","Phacelia_divaricata"
"795","Phacelia_douglasii"
"796","Phacelia_egena"
"797","Phacelia_fremontii"
"798","Phacelia_glandulifera"
"799","Phacelia_greenei"
"800","Phacelia_hastata"
"801","Phacelia_hydrophylloides"
"802","Phacelia_imbricata"
"803","Phacelia_inundata"
"804","Phacelia_mutabilis"
"805","Phacelia_nemoralis"
"806","Phacelia_parryi"
"807","Phacelia_pringlei"
"808","Phacelia_procera"
"809","Phacelia_purpusii"
"810","Phacelia_racemosa"
"811","Phacelia_rattanii"
"812","Phacelia_suaveolens"
"813","Phacelia_tetramera"
"814","Phacelia_vallicola"
"815","Phacelia_viscida"
"816","Pholistoma_membranaceum"
"817","Pholistoma_racemosum"
"818","Romanzoffia_sitchensis"
"819","Romanzoffia_tracyi"
"820","Hypericum_anagalloides"
"821","Hypericum_concinnum"
"822","Hypericum_scouleri"
"823","Krameria_erecta"
"824","Acanthomintha_lanceolata"
"825","Hedeoma_drummondii"
"826","Lycopus_americanus"
"827","Lycopus_asper"
"828","Monardella_breweri"
"829","Monardella_linoides"
"830","Monardella_purpurea"
"831","Monardella_undulata"
"832","Monardella_viridis"
"833","Pogogyne_douglasii"
"834","Pogogyne_serpylloides"
"835","Pycnanthemum_californicum"
"836","Salvia_carduacea"
"837","Scutellaria_antirrhinoides"
"838","Scutellaria_californica"
"839","Scutellaria_nana"
"840","Scutellaria_siphocampyloides"
"841","Scutellaria_tuberosa"
"842","Stachys_albens"
"843","Stachys_bergii"
"844","Stachys_mexicana"
"845","Stachys_rigida"
"846","Stachys_stricta"
"847","Teucrium_glandulosum"
"848","Trichostema_laxum"
"849","Pinguicula_macroceras"
"850","Utricularia_ochroleuca"
"851","Limnanthes_alba"
"852","Limnanthes_bakeri"
"853","Limnanthes_floccosa"
"854","Hesperolinon_adenophyllum"
"855","Hesperolinon_disjunctum"
"856","Hesperolinon_spergulinum"
"857","Ammannia_robusta"
"858","Lythrum_californicum"
"859","Ayenia_compacta"
"860","Eremalche_parryi"
"861","Herissantia_crispa"
"862","Horsfordia_alata"
"863","Iliamna_bakeri"
"864","Iliamna_rivularis"
"865","Malacothamnus_fasciculatus"
"866","Malacothamnus_fremontii"
"867","Malvella_leprosa"
"868","Sidalcea_calycosa"
"869","Sidalcea_glaucescens"
"870","Sidalcea_hartwegii"
"871","Sidalcea_hickmanii"
"872","Sidalcea_hirsuta"
"873","Sidalcea_malachroides"
"874","Sidalcea_malviflora"
"875","Sidalcea_multifida"
"876","Sidalcea_neomexicana"
"877","Sidalcea_oregana"
"878","Sphaeralcea_ambigua"
"879","Sphaeralcea_munroana"
"880","Calandrinia_breweri"
"881","Claytonia_cordifolia"
"882","Claytonia_exigua"
"883","Claytonia_gypsophiloides"
"884","Claytonia_lanceolata"
"885","Claytonia_nevadensis"
"886","Claytonia_palustris"
"887","Claytonia_parviflora"
"888","Claytonia_rubra"
"889","Claytonia_saxosa"
"890","Claytonia_sibirica"
"891","Lewisia_cantelovii"
"892","Lewisia_cotyledon"
"893","Lewisia_oppositifolia"
"894","Lewisia_rediviva"
"895","Montia_chamissoi"
"896","Montia_howellii"
"897","Montia_linearis"
"898","Lysimachia_europaea"
"899","Lysimachia_maritima"
"900","Eriodictyon_tomentosum"
"901","Eriodictyon_traskiae"
"902","Abronia_latifolia"
"903","Abronia_pogonantha"
"904","Abronia_turbinata"
"905","Abronia_umbellata"
"906","Allionia_incarnata"
"907","Boerhavia_coccinea"
"908","Mirabilis_alipes"
"909","Mirabilis_greenei"
"910","Mirabilis_laevis"
"911","Mirabilis_multiflora"
"912","Forestiera_pubescens"
"913","Camissonia_lacustris"
"914","Camissonia_parvula"
"915","Camissonia_pusilla"
"916","Camissonia_strigulosa"
"917","Camissoniopsis_bistorta"
"918","Camissoniopsis_cheiranthifolia"
"919","Camissoniopsis_confusa"
"920","Camissoniopsis_hirtella"
"921","Camissoniopsis_ignota"
"922","Camissoniopsis_intermedia"
"923","Camissoniopsis_micrantha"
"924","Chylismia_brevipes"
"925","Chylismia_claviformis"
"926","Chylismiella_pterosperma"
"927","Clarkia_affinis"
"928","Clarkia_amoena"
"929","Clarkia_arcuata"
"930","Clarkia_biloba"
"931","Clarkia_borealis"
"932","Clarkia_breweri"
"933","Clarkia_cylindrica"
"934","Clarkia_davyi"
"935","Clarkia_epilobioides"
"936","Clarkia_gracilis"
"937","Clarkia_lassenensis"
"938","Clarkia_mildrediae"
"939","Clarkia_purpurea"
"940","Clarkia_rhomboidea"
"941","Clarkia_rubicunda"
"942","Clarkia_similis"
"943","Clarkia_unguiculata"
"944","Epilobium_clavatum"
"945","Epilobium_glaberrimum"
"946","Epilobium_luteum"
"947","Epilobium_nivium"
"948","Epilobium_oregonense"
"949","Epilobium_saximontanum"
"950","Epilobium_septentrionale"
"951","Epilobium_siskiyouense"
"952","Eremothera_boothii"
"953","Eremothera_minor"
"954","Eulobus_californicus"
"955","Gayophytum_decipiens"
"956","Gayophytum_diffusum"
"957","Gayophytum_racemosum"
"958","Gayophytum_ramosissimum"
"959","Oenothera_cespitosa"
"960","Castilleja_affinis"
"961","Castilleja_ambigua"
"962","Castilleja_applegatei"
"963","Castilleja_brevistyla"
"964","Castilleja_campestris"
"965","Castilleja_densiflora"
"966","Castilleja_exserta"
"967","Castilleja_foliolosa"
"968","Castilleja_latifolia"
"969","Castilleja_lineariloba"
"970","Castilleja_mendocinensis"
"971","Castilleja_minor"
"972","Castilleja_plagiotoma"
"973","Castilleja_praeterita"
"974","Castilleja_rubicundula"
"975","Castilleja_schizotricha"
"976","Castilleja_wightii"
"977","Cordylanthus_nevinii"
"978","Cordylanthus_pilosus"
"979","Cordylanthus_pringlei"
"980","Cordylanthus_rigidus"
"981","Cordylanthus_tenuis"
"982","Kopsiopsis_strobilacea"
"983","Orthocarpus_cuspidatus"
"984","Orthocarpus_pachystachyus"
"985","Pedicularis_centranthera"
"986","Pedicularis_contorta"
"987","Pedicularis_densiflora"
"988","Pedicularis_howellii"
"989","Pedicularis_racemosa"
"990","Triphysaria_versicolor"
"991","Oxalis_suksdorfii"
"992","Oxalis_trilliifolia"
"993","Corydalis_aurea"
"994","Dicentra_formosa"
"995","Dicentra_pauciflora"
"996","Dicentra_uniflora"
"997","Ehrendorferia_chrysantha"
"998","Eschscholzia_caespitosa"
"999","Eschscholzia_hypecoides"
"1000","Eschscholzia_lobbii"
"1001","Eschscholzia_minutiflora"
"1002","Hesperomecon_linearis"
"1003","Meconella_oregana"
"1004","Papaver_californicum"
"1005","Parnassia_cirrata"
"1006","Diplacus_mephiticus"
"1007","Mimetanthe_pilosa"
"1008","Antirrhinum_leptaleum"
"1009","Antirrhinum_vexillocalyculatum"
"1010","Bacopa_eisenii"
"1011","Callitriche_longipedunculata"
"1012","Callitriche_marginata"
"1013","Collinsia_bartsiifolia"
"1014","Collinsia_childii"
"1015","Collinsia_corymbosa"
"1016","Collinsia_greenei"
"1017","Collinsia_linearis"
"1018","Collinsia_multicolor"
"1019","Collinsia_parviflora"
"1020","Collinsia_rattanii"
"1021","Collinsia_sparsiflora"
"1022","Collinsia_tinctoria"
"1023","Collinsia_torreyi"
"1024","Gratiola_heterosepala"
"1025","Keckiella_corymbosa"
"1026","Keckiella_lemmonii"
"1027","Keckiella_rothrockii"
"1028","Penstemon_cinicola"
"1029","Penstemon_deustus"
"1030","Penstemon_filiformis"
"1031","Penstemon_heterodoxus"
"1032","Penstemon_heterophyllus"
"1033","Penstemon_janishiae"
"1034","Penstemon_parvulus"
"1035","Penstemon_procerus"
"1036","Penstemon_purpusii"
"1037","Penstemon_tracyi"
"1038","Plantago_elongata"
"1039","Plantago_eriopoda"
"1040","Stemodia_durantifolia"
"1041","Synthyris_cordata"
"1042","Synthyris_reniformis"
"1043","Tonella_tenella"
"1044","Veronica_copelandii"
"1045","Limonium_californicum"
"1046","Aliciella_leptomeria"
"1047","Aliciella_lottiae"
"1048","Aliciella_micromeria"
"1049","Aliciella_triodon"
"1050","Collomia_diversifolia"
"1051","Collomia_tracyi"
"1052","Eriastrum_hooveri"
"1053","Eriastrum_signatum"
"1054","Eriastrum_tracyi"
"1055","Gilia_brecciarum"
"1056","Gilia_clivorum"
"1057","Gilia_inconspicua"
"1058","Gilia_malior"
"1059","Gilia_minor"
"1060","Gilia_modocensis"
"1061","Gilia_ochroleuca"
"1062","Gilia_tenuiflora"
"1063","Gilia_tricolor"
"1064","Leptosiphon_bolanderi"
"1065","Leptosiphon_liniflorus"
"1066","Linanthus_pungens"
"1067","Microsteris_gracilis"
"1068","Navarretia_capillaris"
"1069","Navarretia_cotulifolia"
"1070","Navarretia_divaricata"
"1071","Navarretia_eriocephala"
"1072","Navarretia_filicaulis"
"1073","Navarretia_heterodoxa"
"1074","Navarretia_leptalea"
"1075","Navarretia_leucocephala"
"1076","Navarretia_mellita"
"1077","Navarretia_nigelliformis"
"1078","Navarretia_sinistra"
"1079","Navarretia_subuligera"
"1080","Navarretia_viscidula"
"1081","Phlox_adsurgens"
"1082","Phlox_austromontana"
"1083","Phlox_condensata"
"1084","Phlox_diffusa"
"1085","Phlox_douglasii"
"1086","Phlox_hirsuta"
"1087","Phlox_muscoides"
"1088","Phlox_pulvinata"
"1089","Phlox_speciosa"
"1090","Polemonium_carneum"
"1091","Polemonium_chartaceum"
"1092","Polemonium_eximium"
"1093","Polemonium_occidentale"
"1094","Polemonium_pulcherrimum"
"1095","Aconogonon_davisiae"
"1096","Aconogonon_phytolaccifolium"
"1097","Bistorta_bistortoides"
"1098","Centrostegia_thurberi"
"1099","Chorizanthe_brevicornu"
"1100","Chorizanthe_clevelandii"
"1101","Chorizanthe_douglasii"
"1102","Chorizanthe_membranacea"
"1103","Chorizanthe_polygonoides"
"1104","Chorizanthe_pungens"
"1105","Chorizanthe_stellulata"
"1106","Chorizanthe_uniaristata"
"1107","Chorizanthe_watsonii"
"1108","Chorizanthe_xanti"
"1109","Eriogonum_alpinum"
"1110","Eriogonum_angulosum"
"1111","Eriogonum_baileyi"
"1112","Eriogonum_brachyanthum"
"1113","Eriogonum_cithariforme"
"1114","Eriogonum_congdonii"
"1115","Eriogonum_dasyanthemum"
"1116","Eriogonum_diclinum"
"1117","Eriogonum_elatum"
"1118","Eriogonum_fasciculatum"
"1119","Eriogonum_gracile"
"1120","Eriogonum_gracillimum"
"1121","Eriogonum_heermannii"
"1122","Eriogonum_hirtiflorum"
"1123","Eriogonum_incanum"
"1124","Eriogonum_inerme"
"1125","Eriogonum_kelloggii"
"1126","Eriogonum_latifolium"
"1127","Eriogonum_libertini"
"1128","Eriogonum_lobbii"
"1129","Eriogonum_luteolum"
"1130","Eriogonum_maculatum"
"1131","Eriogonum_marifolium"
"1132","Eriogonum_nervulosum"
"1133","Eriogonum_nudum"
"1134","Eriogonum_nummulare"
"1135","Eriogonum_nutans"
"1136","Eriogonum_ordii"
"1137","Eriogonum_ovalifolium"
"1138","Eriogonum_parishii"
"1139","Eriogonum_parvifolium"
"1140","Eriogonum_pendulum"
"1141","Eriogonum_pyrolifolium"
"1142","Eriogonum_reniforme"
"1143","Eriogonum_saxatile"
"1144","Eriogonum_siskiyouense"
"1145","Eriogonum_spergulinum"
"1146","Eriogonum_sphaerocephalum"
"1147","Eriogonum_strictum"
"1148","Eriogonum_ternatum"
"1149","Eriogonum_umbellatum"
"1150","Eriogonum_ursinum"
"1151","Eriogonum_vimineum"
"1152","Eriogonum_viridescens"
"1153","Eriogonum_wrightii"
"1154","Goodmania_luteola"
"1155","Hollisteria_lanata"
"1156","Lastarriaea_coriacea"
"1157","Mucronea_perfoliata"
"1158","Oxytheca_perfoliata"
"1159","Persicaria_hydropiperoides"
"1160","Polygonum_bidwelliae"
"1161","Polygonum_bolanderi"
"1162","Polygonum_californicum"
"1163","Polygonum_douglasii"
"1164","Polygonum_majus"
"1165","Polygonum_minimum"
"1166","Polygonum_paronychia"
"1167","Polygonum_parryi"
"1168","Polygonum_polygaloides"
"1169","Polygonum_ramosissimum"
"1170","Polygonum_shastense"
"1171","Polygonum_spergulariiforme"
"1172","Pterostegia_drymarioides"
"1173","Rumex_britannica"
"1174","Rumex_californicus"
"1175","Rumex_hymenosepalus"
"1176","Rumex_lacustris"
"1177","Rumex_occidentalis"
"1178","Rumex_salicifolius"
"1179","Rumex_transitorius"
"1180","Rumex_triangulivalvis"
"1181","Rumex_venosus"
"1182","Aconitum_columbianum"
"1183","Anemone_deltoidea"
"1184","Anemone_grayi"
"1185","Aquilegia_eximia"
"1186","Aquilegia_formosa"
"1187","Aquilegia_pubescens"
"1188","Caltha_leptosepala"
"1189","Delphinium_antoninum"
"1190","Delphinium_glaucum"
"1191","Delphinium_gracilentum"
"1192","Delphinium_gypsophilum"
"1193","Delphinium_hansenii"
"1194","Delphinium_recurvatum"
"1195","Delphinium_uliginosum"
"1196","Delphinium_variegatum"
"1197","Enemion_stipitatum"
"1198","Myosurus_apetalus"
"1199","Myosurus_sessilis"
"1200","Ranunculus_alismifolius"
"1201","Ranunculus_aquatilis"
"1202","Ranunculus_californicus"
"1203","Ranunculus_canus"
"1204","Ranunculus_eschscholtzii"
"1205","Ranunculus_flabellaris"
"1206","Ranunculus_glaberrimus"
"1207","Ranunculus_gormanii"
"1208","Ranunculus_hebecarpus"
"1209","Ranunculus_hydrocharoides"
"1210","Ranunculus_macounii"
"1211","Ranunculus_occidentalis"
"1212","Ranunculus_orthorhynchus"
"1213","Ranunculus_populago"
"1214","Ranunculus_pusillus"
"1215","Ranunculus_uncinatus"
"1216","Thalictrum_fendleri"
"1217","Thalictrum_occidentale"
"1218","Ceanothus_arcuatus"
"1219","Ceanothus_dentatus"
"1220","Ceanothus_diversifolius"
"1221","Ceanothus_foliosus"
"1222","Ceanothus_gloriosus"
"1223","Ceanothus_impressus"
"1224","Ceanothus_incanus"
"1225","Ceanothus_lemmonii"
"1226","Ceanothus_oliganthus"
"1227","Ceanothus_palmeri"
"1228","Ceanothus_papillosus"
"1229","Ceanothus_parryi"
"1230","Ceanothus_pauciflorus"
"1231","Ceanothus_pinetorum"
"1232","Ceanothus_spinosus"
"1233","Ceanothus_tomentosus"
"1234","Frangula_rubra"
"1235","Rhamnus_ilicifolia"
"1236","Agrimonia_striata"
"1237","Crataegus_gaylussacia"
"1238","Drymocallis_lactea"
"1239","Drymocallis_pseudorupestris"
"1240","Drymocallis_rhomboidea"
"1241","Horkelia_fusca"
"1242","Horkelia_marinensis"
"1243","Horkelia_sericata"
"1244","Horkelia_tenuiloba"
"1245","Ivesia_lycopodioides"
"1246","Neviusia_cliftonii"
"1247","Potentilla_cristae"
"1248","Rubus_parviflorus"
"1249","Sorbus_sitchensis"
"1250","Spiraea_splendens"
"1251","Galium_ambiguum"
"1252","Galium_andrewsii"
"1253","Galium_bifolium"
"1254","Galium_bolanderi"
"1255","Galium_californicum"
"1256","Galium_glabrescens"
"1257","Galium_hypotrichium"
"1258","Galium_matthewsii"
"1259","Galium_multiflorum"
"1260","Galium_muricatum"
"1261","Galium_nuttallii"
"1262","Galium_oreganum"
"1263","Galium_porrigens"
"1264","Galium_serpenticum"
"1265","Galium_sparsiflorum"
"1266","Galium_triflorum"
"1267","Galium_wrightii"
"1268","Ptelea_crenulata"
"1269","Populus_trichocarpa"
"1270","Salix_boothii"
"1271","Salix_breweri"
"1272","Salix_delnortensis"
"1273","Salix_drummondiana"
"1274","Salix_eastwoodiae"
"1275","Salix_geyeriana"
"1276","Salix_gooddingii"
"1277","Salix_hookeriana"
"1278","Salix_jepsonii"
"1279","Salix_lasiandra"
"1280","Salix_lasiolepis"
"1281","Salix_lemmonii"
"1282","Salix_ligulifolia"
"1283","Salix_lutea"
"1284","Salix_melanopsis"
"1285","Salix_nivalis"
"1286","Salix_orestera"
"1287","Salix_petrophila"
"1288","Salix_planifolia"
"1289","Salix_prolixa"
"1290","Salix_scouleriana"
"1291","Salix_sitchensis"
"1292","Salix_tracyi"
"1293","Aesculus_californica"
"1294","Boykinia_major"
"1295","Boykinia_rotundifolia"
"1296","Chrysosplenium_glechomifolium"
"1297","Heuchera_cylindrica"
"1298","Heuchera_rubescens"
"1299","Lithophragma_affine"
"1300","Lithophragma_bolanderi"
"1301","Lithophragma_campanulatum"
"1302","Lithophragma_cymbalaria"
"1303","Lithophragma_glabrum"
"1304","Lithophragma_heterophyllum"
"1305","Lithophragma_parviflorum"
"1306","Lithophragma_tenellum"
"1307","Micranthes_aprica"
"1308","Micranthes_californica"
"1309","Micranthes_ferruginea"
"1310","Micranthes_marshallii"
"1311","Micranthes_nidifica"
"1312","Micranthes_tolmiei"
"1313","Tiarella_trifoliata"
"1314","Tolmiea_diplomenziesii"
"1315","Limosella_acaulis"
"1316","Chamaesaracha_nana"
"1317","Datura_wrightii"
"1318","Nicotiana_obtusifolia"
"1319","Nicotiana_quadrivalvis"
"1320","Physalis_acutifolia"
"1321","Physalis_crassifolia"
"1322","Physalis_hederifolia"
"1323","Solanum_douglasii"
"1324","Solanum_parishii"
"1325","Solanum_umbelliferum"
"1326","Solanum_xanti"
"1327","Staphylea_bolanderi"
"1328","Dirca_occidentalis"
"1329","Parietaria_hespera"
"1330","Plectritis_ciliosa"
"1331","Verbena_lasiostachys"
"1332","Viola_beckwithii"
"1333","Viola_hallii"
"1334","Viola_howellii"
"1335","Viola_nephrophylla"
"1336","Viola_ocellata"
"1337","Viola_pedunculata"
"1338","Viola_pinetorum"
"1339","Viola_praemorsa"
"1340","Arceuthobium_americanum"
"1341","Arceuthobium_campylopodum"
"1342","Arceuthobium_douglasii"
"1343","Phoradendron_bolleanum"
"1344","Phoradendron_juniperinum"
"1345","Phoradendron_leucarpum"
"1346","Kallstroemia_parviflora"
"1347","Agave_utahensis"
"1348","Chlorogalum_angustifolium"
"1349","Hastingsia_alba"
"1350","Hastingsia_serpentinicola"
"1351","Sagittaria_cuneata"
"1352","Sagittaria_longiloba"
"1353","Sagittaria_sanfordii"
"1354","Allium_acuminatum"
"1355","Allium_amplectens"
"1356","Allium_anceps"
"1357","Allium_atrorubens"
"1358","Allium_bisceptrum"
"1359","Allium_bolanderi"
"1360","Allium_campanulatum"
"1361","Allium_cratericola"
"1362","Allium_crispum"
"1363","Allium_dichlamydeum"
"1364","Allium_falcifolium"
"1365","Allium_fimbriatum"
"1366","Allium_hoffmanii"
"1367","Allium_howellii"
"1368","Allium_lacunosum"
"1369","Allium_lemmonii"
"1370","Allium_membranaceum"
"1371","Allium_nevadense"
"1372","Allium_parvum"
"1373","Allium_peninsulare"
"1374","Allium_platycaule"
"1375","Allium_sanbornii"
"1376","Allium_serra"
"1377","Allium_siskiyouense"
"1378","Allium_tribracteatum"
"1379","Allium_unifolium"
"1380","Allium_validum"
"1381","Bolboschoenus_robustus"
"1382","Bulbostylis_capillaris"
"1383","Carex_abrupta"
"1384","Carex_alma"
"1385","Carex_arcta"
"1386","Carex_atherodes"
"1387","Carex_athrostachya"
"1388","Carex_barbarae"
"1389","Carex_bolanderi"
"1390","Carex_brainerdii"
"1391","Carex_brevicaulis"
"1392","Carex_breweri"
"1393","Carex_californica"
"1394","Carex_concinnoides"
"1395","Carex_congdonii"
"1396","Carex_cusickii"
"1397","Carex_davyi"
"1398","Carex_densa"
"1399","Carex_douglasii"
"1400","Carex_exsiccata"
"1401","Carex_feta"
"1402","Carex_fracta"
"1403","Carex_geyeri"
"1404","Carex_globosa"
"1405","Carex_gracilior"
"1406","Carex_gynodynama"
"1407","Carex_halliana"
"1408","Carex_harfordii"
"1409","Carex_hassei"
"1410","Carex_haydeniana"
"1411","Carex_helleri"
"1412","Carex_hendersonii"
"1413","Carex_hirtissima"
"1414","Carex_hoodii"
"1415","Carex_illota"
"1416","Carex_infirminervia"
"1417","Carex_integra"
"1418","Carex_jonesii"
"1419","Carex_laeviculmis"
"1420","Carex_lemmonii"
"1421","Carex_lenticularis"
"1422","Carex_leporina"
"1423","Carex_leporinella"
"1424","Carex_leptopoda"
"1425","Carex_mariposana"
"1426","Carex_microptera"
"1427","Carex_multicaulis"
"1428","Carex_multicostata"
"1429","Carex_nervina"
"1430","Carex_neurophora"
"1431","Carex_obnupta"
"1432","Carex_occidentalis"
"1433","Carex_pansa"
"1434","Carex_pellita"
"1435","Carex_petasata"
"1436","Carex_phaeocephala"
"1437","Carex_praeceptorum"
"1438","Carex_praegracilis"
"1439","Carex_praticola"
"1440","Carex_preslii"
"1441","Carex_proposita"
"1442","Carex_raynoldsii"
"1443","Carex_rossii"
"1444","Carex_sartwelliana"
"1445","Carex_serpenticola"
"1446","Carex_serratodens"
"1447","Carex_sheldonii"
"1448","Carex_simulata"
"1449","Carex_straminiformis"
"1450","Carex_subbracteata"
"1451","Carex_subnigricans"
"1452","Carex_tahoensis"
"1453","Carex_tumulicola"
"1454","Carex_unilateralis"
"1455","Carex_utriculata"
"1456","Carex_vallicola"
"1457","Carex_vernacula"
"1458","Carex_vesicaria"
"1459","Cyperus_acuminatus"
"1460","Eleocharis_bella"
"1461","Eleocharis_bolanderi"
"1462","Eleocharis_coloradoensis"
"1463","Eleocharis_decumbens"
"1464","Eleocharis_engelmannii"
"1465","Eleocharis_macrostachya"
"1466","Eleocharis_montevidensis"
"1467","Eleocharis_obtusa"
"1468","Eleocharis_ovata"
"1469","Eleocharis_parishii"
"1470","Eleocharis_parvula"
"1471","Eleocharis_suksdorfiana"
"1472","Fimbristylis_thermalis"
"1473","Fimbristylis_vahlii"
"1474","Lipocarpha_aristulata"
"1475","Lipocarpha_micrantha"
"1476","Rhynchospora_capitellata"
"1477","Schoenoplectus_californicus"
"1478","Schoenoplectus_heterochaetus"
"1479","Schoenoplectus_subterminalis"
"1480","Schoenus_nigricans"
"1481","Scirpus_congdonii"
"1482","Trichophorum_pumilum"
"1483","Elodea_bifoliata"
"1484","Najas_flexilis"
"1485","Iris_fernaldii"
"1486","Iris_longipetala"
"1487","Iris_purdyi"
"1488","Iris_tenuissima"
"1489","Iris_thompsonii"
"1490","Sisyrinchium_halophilum"
"1491","Juncus_acuminatus"
"1492","Juncus_bolanderi"
"1493","Juncus_breweri"
"1494","Juncus_bryoides"
"1495","Juncus_capillaris"
"1496","Juncus_chlorocephalus"
"1497","Juncus_confusus"
"1498","Juncus_effusus"
"1499","Juncus_exiguus"
"1500","Juncus_falcatus"
"1501","Juncus_hemiendytus"
"1502","Juncus_hesperius"
"1503","Juncus_howellii"
"1504","Juncus_kelloggii"
"1505","Juncus_laccatus"
"1506","Juncus_leiospermus"
"1507","Juncus_longistylis"
"1508","Juncus_macrandrus"
"1509","Juncus_macrophyllus"
"1510","Juncus_mertensianus"
"1511","Juncus_nodosus"
"1512","Juncus_orthophyllus"
"1513","Juncus_patens"
"1514","Juncus_phaeocephalus"
"1515","Juncus_saximontanus"
"1516","Juncus_supiniformis"
"1517","Juncus_triformis"
"1518","Juncus_uncialis"
"1519","Luzula_orestera"
"1520","Luzula_piperi"
"1521","Triglochin_concinna"
"1522","Calochortus_catalinae"
"1523","Calochortus_invenustus"
"1524","Calochortus_luteus"
"1525","Calochortus_nudus"
"1526","Calochortus_persistens"
"1527","Calochortus_syntrophus"
"1528","Calochortus_umbellatus"
"1529","Erythronium_californicum"
"1530","Erythronium_multiscapideum"
"1531","Erythronium_purpurascens"
"1532","Fritillaria_agrestis"
"1533","Fritillaria_atropurpurea"
"1534","Fritillaria_eastwoodiae"
"1535","Fritillaria_liliacea"
"1536","Fritillaria_micrantha"
"1537","Fritillaria_pinetorum"
"1538","Fritillaria_pluriflora"
"1539","Fritillaria_pudica"
"1540","Fritillaria_purdyi"
"1541","Fritillaria_recurva"
"1542","Lilium_bolanderi"
"1543","Lilium_humboldtii"
"1544","Lilium_kelloggii"
"1545","Lilium_maritimum"
"1546","Lilium_occidentale"
"1547","Lilium_pardalinum"
"1548","Lilium_parryi"
"1549","Lilium_parvum"
"1550","Lilium_washingtonianum"
"1551","Prosartes_hookeri"
"1552","Scoliopus_bigelovii"
"1553","Toxicoscordion_exaltatum"
"1554","Toxicoscordion_fremontii"
"1555","Toxicoscordion_micranthum"
"1556","Toxicoscordion_paniculatum"
"1557","Trillium_angustipetalum"
"1558","Veratrum_insolitum"
"1559","Cephalanthera_austiniae"
"1560","Corallorhiza_maculata"
"1561","Epipactis_gigantea"
"1562","Piperia_candida"
"1563","Piperia_colemanii"
"1564","Piperia_elegans"
"1565","Piperia_elongata"
"1566","Piperia_leptopetala"
"1567","Piperia_transversa"
"1568","Piperia_unalascensis"
"1569","Platanthera_sparsiflora"
"1570","Platanthera_stricta"
"1571","Spiranthes_porrifolia"
"1572","Agrostis_blasdalei"
"1573","Agrostis_densiflora"
"1574","Agrostis_elliottiana"
"1575","Agrostis_hallii"
"1576","Agrostis_humilis"
"1577","Agrostis_idahoensis"
"1578","Agrostis_microphylla"
"1579","Agrostis_pallens"
"1580","Agrostis_variabilis"
"1581","Alopecurus_carolinianus"
"1582","Alopecurus_saccatus"
"1583","Aristida_purpurea"
"1584","Bothriochloa_barbinodis"
"1585","Bromus_arizonicus"
"1586","Bromus_pseudolaevipes"
"1587","Bromus_sitchensis"
"1588","Bromus_vulgaris"
"1589","Calamagrostis_bolanderi"
"1590","Calamagrostis_koelerioides"
"1591","Calamagrostis_nutkaensis"
"1592","Calamagrostis_ophitidis"
"1593","Calamagrostis_rubescens"
"1594","Calamagrostis_stricta"
"1595","Deschampsia_danthonioides"
"1596","Deschampsia_elongata"
"1597","Elymus_glaucus"
"1598","Elymus_multisetus"
"1599","Elymus_scribneri"
"1600","Elymus_smithii"
"1601","Elymus_spicatus"
"1602","Elymus_stebbinsii"
"1603","Eragrostis_hypnoides"
"1604","Eragrostis_lutescens"
"1605","Erioneuron_pilosum"
"1606","Festuca_elmeri"
"1607","Festuca_kingii"
"1608","Festuca_viridula"
"1609","Imperata_brevifolia"
"1610","Leptochloa_dubia"
"1611","Leptochloa_fusca"
"1612","Melica_aristata"
"1613","Melica_californica"
"1614","Melica_fugax"
"1615","Melica_geyeri"
"1616","Melica_harfordii"
"1617","Melica_imperfecta"
"1618","Melica_spectabilis"
"1619","Melica_stricta"
"1620","Melica_subulata"
"1621","Melica_torreyana"
"1622","Muhlenbergia_andina"
"1623","Muhlenbergia_asperifolia"
"1624","Muhlenbergia_filiformis"
"1625","Muhlenbergia_jonesii"
"1626","Muhlenbergia_mexicana"
"1627","Muhlenbergia_rigens"
"1628","Orcuttia_pilosa"
"1629","Orcuttia_tenuis"
"1630","Panicum_acuminatum"
"1631","Panicum_urvilleanum"
"1632","Phalaris_angusta"
"1633","Phalaris_lemmonii"
"1634","Pleuropogon_californicus"
"1635","Poa_confinis"
"1636","Poa_cusickii"
"1637","Poa_douglasii"
"1638","Poa_fendleriana"
"1639","Poa_howellii"
"1640","Poa_lettermanii"
"1641","Poa_macrantha"
"1642","Poa_pringlei"
"1643","Poa_rhizomata"
"1644","Poa_secunda"
"1645","Poa_stebbinsii"
"1646","Poa_wheeleri"
"1647","Polypogon_interruptus"
"1648","Puccinellia_nuttalliana"
"1649","Puccinellia_pumila"
"1650","Puccinellia_simplex"
"1651","Scribneria_bolanderi"
"1652","Sporobolus_airoides"
"1653","Sporobolus_contractus"
"1654","Sporobolus_cryptandrus"
"1655","Sporobolus_flexuosus"
"1656","Stipa_arida"
"1657","Stipa_comata"
"1658","Stipa_coronata"
"1659","Stipa_kingii"
"1660","Stipa_latiglumis"
"1661","Stipa_lemmonii"
"1662","Stipa_lettermanii"
"1663","Stipa_nevadensis"
"1664","Stipa_occidentalis"
"1665","Stipa_pinetorum"
"1666","Stipa_speciosa"
"1667","Stipa_stillmanii"
"1668","Stipa_thurberiana"
"1669","Stipa_webberi"
"1670","Torreyochloa_erecta"
"1671","Trisetum_cernuum"
"1672","Trisetum_projectum"
"1673","Potamogeton_berchtoldii"
"1674","Potamogeton_epihydrus"
"1675","Nolina_parryi"
"1676","Smilax_californica"
"1677","Smilax_jamesii"
"1678","Odontostomum_hartwegii"
"1679","Brodiaea_appendiculata"
"1680","Brodiaea_sierrae"
"1681","Brodiaea_stellaris"
"1682","Brodiaea_terrestris"
"1683","Muilla_transmontana"
"1684","Triteleia_crocea"
"1685","Triteleia_grandiflora"
"1686","Triteleia_hendersonii"
"1687","Triteleia_peduncularis"
